0 0.2140625 0.88359375 0.08203125 0.05703125
1 0.29453125 0.02421875 0.0859375 0.03984375
2 0.41171875 0.234375 0.07578125 0.059375
2 0.05625 0.70859375 0.03203125 0.053125
2 0.56640625 0.73515625 0.0453125 0.08984375
2 0.5484375 0.26953125 0.0515625 0.075
0 0.61484375 0.85 0.0515625 0.021875
0 0.86171875 0.38515625 0.06484375 0.07578125
0 0.85078125 0.33046875 0.05390625 0.06484375
0 0.90859375 0.328125 0.065625 0.06875
0 0.93828125 0.0890625 0.0515625 0.06875
0 0.0875 0.19140625 0.0625 0.05546875
0 0.20859375 0.553125 0.0796875 0.0703125
0 0.4359375 0.73359375 0.078125 0.09375
0 0.50703125 0.57890625 0.075 0.08046875
0 0.434375 0.63984375 0.08671875 0.06953125
1 0.47734375 0.259375 0.0734375 0.07109375
1 0.4640625 0.1609375 0.046875 0.07734375
1 0.89296875 0.21640625 0.0671875 0.0515625
1 0.9515625 0.30546875 0.05234375 0.0484375
1 0.9546875 0.2578125 0.05 0.06171875
1 0.87734375 0.26171875 0.07109375 0.06796875
1 0.79375 0.32109375 0.046875 0.0734375
1 0.75625 0.3484375 0.07109375 0.0875
1 0.74921875 0.43046875 0.07890625 0.078125
1 0.68984375 0.41328125 0.05546875 0.0625
1 0.68359375 0.47734375 0.06875 0.08125
1 0.20546875 0.8171875 0.08984375 0.07421875
1 0.4875 0.84296875 0.07109375 0.08046875
1 0.4421875 0.87265625 0.06875 0.06328125
1 0.35703125 0.7453125 0.084375 0.0765625
1 0.50234375 0.72265625 0.0796875 0.084375
1 0.46328125 0.53515625 0.05625 0.0515625
1 0.02734375 0.296875 0.04765625 0.07265625
1 0.05078125 0.2671875 0.07578125 0.0671875
1 0.159375 0.16875 0.06875 0.09375
1 0.10859375 0.259375 0.05390625 0.07578125
1 0.084375 0.325 0.078125 0.0625
1 0.03125 0.41953125 0.059375 0.06953125
1 0.08671875 0.39765625 0.0625 0.0625
1 0.05234375 0.4859375 0.06875 0.0765625
1 0.2234375 0.69453125 0.0875 0.06328125
1 0.20625 0.63671875 0.06875 0.06328125
1 0.2765625 0.62734375 0.0671875 0.05390625
1 0.2875 0.54609375 0.078125 0.08671875
1 0.21484375 0.4140625 0.05859375 0.0671875
1 0.16875 0.36328125 0.0625 0.075
1 0.290625 0.33515625 0.0734375 0.09296875
1 0.17421875 0.265625 0.07109375 0.06328125
1 0.42421875 0.1265625 0.07890625 0.06875
2 0.3328125 0.684375 0.08125 0.05625
2 0.26640625 0.27578125 0.071875 0.05390625
2 0.340625 0.0671875 0.0734375 0.06484375
2 0.68984375 0.8390625 0.059375 0.0640625
2 0.03828125 0.78984375 0.07109375 0.06953125
2 0.1421875 0.765625 0.08671875 0.078125
2 0.0984375 0.69921875 0.06484375 0.075
2 0.29765625 0.746875 0.07578125 0.07734375
2 0.3515625 0.271875 0.00234375 0.00234375
2 0.33125 0.21875 0.065625 0.07265625
2 0.3578125 0.14453125 0.0703125 0.07421875
2 0.45625 0.04453125 0.065625 0.05625
2 0.39375 0.04375 0.05078125 0.05625
2 0.39453125 0.35 0.053125 0.0375
2 0.3828125 0.30390625 0.0765625 0.05625
2 0.45703125 0.390625 0.06796875 0.053125
2 0.38984375 0.3765625 0.07734375 0.053125
2 0.4140625 0.4234375 0.08046875 0.05625
2 0.49765625 0.4765625 0.07265625 0.06640625
2 0.5703125 0.4390625 0.075 0.040625
2 0.57109375 0.5046875 0.0578125 0.075
2 0.62109375 0.7546875 0.06484375 0.0734375
2 0.7203125 0.7546875 0.0734375 0.0734375
2 0.75703125 0.69765625 0.07578125 0.0640625
2 0.66796875 0.6796875 0.059375 0.05234375
2 0.696875 0.6421875 0.0625 0.07421875
2 0.74140625 0.6109375 0.06328125 0.08203125
2 0.84765625 0.65234375 0.06171875 0.0671875
2 0.784375 0.6 0.06640625 0.06640625
2 0.77421875 0.546875 0.0734375 0.04765625
2 0.72890625 0.54765625 0.0296875 0.04375
2 0.75078125 0.49453125 0.0734375 0.04921875
2 0.8171875 0.42421875 0.0671875 0.0578125
2 0.8625 0.4640625 0.06328125 0.04609375
2 0.9171875 0.43203125 0.06328125 0.05703125
2 0.91484375 0.59609375 0.075 0.08046875
2 0.89921875 0.51796875 0.075 0.07734375
2 0.965625 0.53359375 0.053125 0.0703125
2 0.98125 0.50703125 0.0375 0.0640625
2 0.978125 0.4359375 0.04296875 0.078125
2 0.9796875 0.384375 0.040625 0.06640625
2 0.97890625 0.315625 0.0421875 0.06484375
2 0.8375 0.1875 0.053125 0.06484375
2 0.80703125 0.146875 0.090625 0.0703125
2 0.9640625 0.16015625 0.0703125 0.08671875
2 0.97578125 0.084375 0.0453125 0.07421875
2 0.97578125 0.02734375 0.0484375 0.0453125
2 0.86796875 0.0578125 0.0828125 0.05703125
2 0.8 0.0875 0.06484375 0.075
2 0.71953125 0.30390625 0.046875 0.05625
2 0.6375 0.32890625 0.0671875 0.0640625
2 0.56875 0.340625 0.08125 0.0640625
2 0.48359375 0.33046875 0.065625 0.0671875
2 0.60703125 0.27265625 0.06015625 0.06171875
2 0.53203125 0.16171875 0.059375 0.06171875