0 0.8828543009370721 0.15345110799496603 0.08425063103709682 0.10501611474138897
2 0.2187951832943173 0.5140307048814933 0.08563127461060623 0.0988024823325695
2 0.657403323040396 0.02937325588701444 0.06644335391920819 0.029652438829583395
2 0.7980364024155049 0.5697287650050702 0.1114663489046432 0.07442073138263901
2 0.28660114575158735 0.6555473640757989 0.095886813011266 0.07561955547083343
0 0.9332692087628534 0.5971114954377785 0.03927310015828454 0.06181032218833345
0 0.48074698469360777 0.962377285903542 0.10093802586424747 0.0752454281929161
0 0.4189373064803624 0.9664374449556773 0.0849493130112661 0.06712511008864545
0 0.4251274705078429 0.9938630220358334 0.0834489974927175 0.01227395592833318
0 0.10053589443143911 0.17198606240468756 0.07892663354437941 0.08303201196784729
0 0.5204475776592494 0.22241212822784764 0.098313131037097 0.10534342306201391
0 0.7669491899582349 0.4290667442035076 0.1250574874635877 0.11221167211208342
0 0.6143660960681565 0.5412186392457643 0.11081313103709682 0.10563436379145834
0 0.6655541745188287 0.44781478457236173 0.10171091567683313 0.11479115824437507
1 0.2598544408161647 0.5806558136389586 0.09656877461060631 0.09905705547083343
1 0.14940267412311728 0.5882481484607294 0.09579588479802066 0.07249455547083343
1 0.3488604872008903 0.982761214665139 0.09341503087881238 0.03447757066972201
1 0.395642210478713 0.9113817496187504 0.09267088479802066 0.0724218202884721
1 0.41814534778401613 0.863435212099688 0.11540970282385157 0.10261846656499998
1 0.5056824517032243 0.8373286134102088 0.10773359514371954 0.10712412860909737
1 0.4730578198081976 0.7763722764042366 0.08347774122451135 0.07845361474138901
1 0.5424443173009151 0.756097450416181 0.10902331050398359 0.09778549620027785
1 0.8084082304039587 0.15953614741388958 0.10648934389007855 0.1180252610179167
1 0.8989660680923379 0.459501739453855 0.10906877461060631 0.09934799620027804
1 0.9208925438774431 0.4045057681392022 0.08857441818411545 0.09262521751493065
1 0.7632906440357277 0.3398587738387854 0.10635295157021041 0.1133377610179167
1 0.7702356628403463 0.5041940307726396 0.11407452335696497 0.11039459897381967
1 0.5568407525737895 0.5031361045764935 0.07088681301126609 0.07503767401194458
1 0.20239156261555458 0.08367040444465294 0.08936402837152997 0.06609908510611118
1 0.17491978048310097 0.11430215539458348 0.0950517387172289 0.10058318787965286
1 0.092657546780437 0.25467127583555565 0.12000627461060623 0.0996025693385418
1 0.17930575211157107 0.17851012575930572 0.09754024122451135 0.07878092306201392
1 0.24615828299038345 0.1378500645888891 0.08884720282385157 0.10200021751493064
1 0.3367127383215175 0.06177983349059056 0.08959134890464338 0.07391158510611118
1 0.32551917405661024 0.12406162794350721 0.08522209765100212 0.08473998233256949
1 0.4139428280549608 0.06748627925402813 0.10272784639736088 0.09607752583555565
1 0.6788283789920329 0.20655400493708392 0.09385295157021041 0.11304682028847228
1 0.611777271311901 0.20030269851631996 0.08857441818411545 0.09262521751493065
1 0.6165353159807669 0.2785913526766325 0.07750052586424747 0.08768314437666672
1 0.5312055697416905 0.3094400027528824 0.11719952335696497 0.11046733415618064
1 0.3708280108870597 0.2595822070656948 0.08986413354437942 0.08328658510611113
1 0.3047089173926927 0.22129965064493082 0.10093802586424747 0.08822865824437506
1 0.30222511190327406 0.36039851823611135 0.121750631037097 0.10588893692972227
1 0.1999161173135504 0.24934995583142378 0.08861988229073817 0.09418771751493064
1 0.10355061652212758 0.5520008707253126 0.09675063103709695 0.10530705547083344
2 0.6909299107287751 0.3280114308488895 0.084250631037097 0.10501611474138901
2 0.2314723427029442 0.34702504283739605 0.07763691818411544 0.09237064437666671
2 0.032879381499315366 0.47356543977951393 0.06575876299863073 0.09713087955902786
2 0.93864937905854 0.6808870833936813 0.08669366943775678 0.08165134992375016
2 0.7381472061890639 0.10239448821958394 0.11113137978345566 0.11657186379145842
2 0.6562439883215175 0.06921700588701443 0.09946645407749273 0.09131729065319452
2 0.752677404460569 0.2747240831093409 0.10608016693047446 0.10396276101791671
2 0.24595472835889468 0.4403938363403822 0.0032159282132454337 0.0031977351823611498
2 0.1844860309453194 0.4303635664887501 0.09790395407749282 0.0912809230620141
2 0.10888062569332761 0.47629235590767377 0.10121081050398355 0.09760365824437507
2 0.029718451834573067 0.6040705573706945 0.059436903669146134 0.08444904160312508
2 0.02160926088705968 0.5358290504368404 0.04321852177411936 0.06853310087368066
2 0.34047160649299774 0.4699560094023962 0.05507995658477523 0.06842399810013902
2 0.2881733205996204 0.4671751950978475 0.08250627461060622 0.09872974715020852
2 0.3981644345479586 0.5291504778672573 0.07750052586424747 0.08768314437666688
2 0.3689375872926678 0.4588918760436462 0.07938127461060622 0.0986570119678472
2 0.425582392386375 0.4735005431217365 0.08420516693047428 0.10345361474138884
2 0.5014114550019297 0.5542251726807643 0.09339831050398359 0.09742182028847246
2 0.4762092150310595 0.6411978426086462 0.06513691818411545 0.09207970364722229
2 0.5477576060972863 0.6272275680073616 0.0992391335443795 0.08350479065319441
2 0.8308201586837111 0.6252163520110423 0.09790395407749272 0.0912809230620141
2 0.8526831353267461 0.7336107334699313 0.09969377461060631 0.09912979065319458
2 0.7995521236482636 0.7863168529609729 0.09192673871722885 0.1005104526972918
2 0.7600470059390018 0.6931474279990979 0.07254024122451135 0.07819904160312507
2 0.725271189166812 0.7329905247887158 0.09781302586424748 0.08815592306201392
2 0.7009782313283954 0.7887131947165977 0.10727895407749273 0.09149912860909737
2 0.7690258861846758 0.8950554201153131 0.09151756175762475 0.0864479526972918
2 0.6987875940230924 0.8371325109210076 0.09004598997087018 0.08953658510611114
2 0.6377818978631584 0.8380579248649658 0.07294941818411545 0.09226154160312525
2 0.6290577672217729 0.7886027855222922 0.055915030878812465 0.04346036569131932
2 0.5756228786628285 0.8248844712177436 0.07455738229073816 0.09386040919430556
2 0.5144149425320244 0.9133644365484728 0.08223348997087002 0.08935474715020816
2 0.5672073219197686 0.9529003684442019 0.06794366943775679 0.08121493882958326
2 0.5378320589876449 0.988231924296285 0.06823317445232177 0.023536151407429883
2 0.7164260719197687 0.9563734734019451 0.09685827962517131 0.0553434230620141
2 0.6293890731734099 0.9641138383824135 0.0989663489046432 0.07177232323517302
2 0.25997984362738097 0.9755292897032639 0.08440374373179385 0.048941420593472174
2 0.20905384112009853 0.9529633054708334 0.10130173871722895 0.09407338905833314
2 0.14315605648036245 0.9615745860560416 0.10075616943775674 0.07685082788791675
2 0.36193245170322436 0.8339827950215974 0.07373902837152997 0.06573540919430557
2 0.37093303015389656 0.7395970153863198 0.09009145407749272 0.09109908510611113
2 0.36851873548503067 0.6613629126127781 0.09367109514371955 0.10679682028847245
2 0.3383204216158348 0.5707554431979863 0.09165395407749291 0.0911354526972918
2 0.3027513314866801 0.7184655913743753 0.0851766335443794 0.0831774823325695
2 0.16601586111185127 0.662122059554896 0.0851766335443794 0.0831774823325695