0 0.3386549185133199 0.7220412134243291 0.05163670783841656 0.05799603847458741
0 0.34046512259081274 0.8110764315731638 0.06615384890464338 0.07411211179556502
0 0.17108228826764577 0.9175471424656042 0.05761392319868044 0.04883929328391083
0 0.1808089777636622 0.822671152084251 0.06565374373179385 0.05692461179556503
0 0.42900844853420245 0.9304564033501954 0.06748902837152997 0.0663541754978958
0 0.8135198408540706 0.9485665741235859 0.08834709765100186 0.0858135036281972
0 0.7965343000126353 0.5257466330165934 0.06495506175762458 0.08655754809323427
0 0.7526455591838352 0.5999182537978331 0.06275606426490725 0.06462798439090349
0 0.9002647052646271 0.5769768055192644 0.0679891335443795 0.08354167549789597
0 0.9641801042484126 0.6814485399101677 0.06459134890464355 0.07405754809323425
0 0.9921481879780124 0.6731648139567848 0.01570362404397514 0.049146828130301044
0 0.39477294239901034 0.04890630298737567 0.06142088479802066 0.07238592068857252
0 0.4426792449854351 0.05916424590846677 0.06137542069139794 0.07082342068857253
0 0.3305980967930723 0.25738843638248715 0.06615384890464338 0.07411211179556512
0 0.3064679264973857 0.3400546034428626 0.05926735141192587 0.05201885698624169
1 0.641096642253361 0.4945635764858386 0.027471782132453625 0.03217758293962447
1 0.6449263359060126 0.5188914538905003 0.03363085391920819 0.029270837748947898
1 0.6633209832404455 0.48051100016963605 0.03220474623907634 0.03390377404661713
1 0.3535705278428045 0.859141909340645 0.027471782132453625 0.03217758293962447
1 0.37859325989611586 0.8607961785779388 0.035511602665567035 0.04026290145127902
1 0.38290633834678806 0.9553819922802698 0.03363085391920828 0.029270837748947898
1 0.34125839594777774 0.9188070860196674 0.027380853919208283 0.029052582939624472
1 0.326451749866986 0.9463864489963589 0.02724446159934022 0.02436508293962447
1 0.3281590023742685 0.9245932945498552 0.024210389812585564 0.027380955534962937
1 0.19237461506896536 0.8714633161494015 0.03234113855894431 0.03859127404661713
1 0.14471000488155092 0.8963343413771451 0.02912521034569897 0.03535714664195524
1 0.14038020605604987 0.8548189639724832 0.024119461599340218 0.024255955534962938
1 0.23136290723054884 0.8166319724100038 0.04355142319868044 0.04834821996293322
1 0.24003687674744784 0.9269791953681619 0.034040030878812376 0.043333337748947896
1 0.25243758834678803 0.9508259231356433 0.0443864974927175 0.023402783665263625
1 0.21292044728056125 0.9338368305773719 0.043142246239076254 0.03428571996293321
1 0.21826116514810762 0.9028050853866952 0.056324207838416476 0.05815972958158007
1 0.11785198818850348 0.8852505084375206 0.036846782132453626 0.03250496515360979
1 0.10108202533552205 0.8721775895630465 0.02452863855894436 0.038318455534962936
1 0.0968658867765777 0.8345684621583848 0.038954851411925784 0.051309528855940555
1 0.02849632000438799 0.7915972229581579 0.012255959092057756 0.045694445916315905
1 0.04188521859246219 0.7421155781303012 0.0415797462390763 0.03423115626060227
1 0.11072614680570755 0.7476413810328587 0.04515938730530311 0.04996528366526398
1 0.27360658003351784 0.7127455697775986 0.04984688730530316 0.05012897477225664
1 0.31083379539378175 0.7046800986335391 0.038909387305303154 0.04974702885594055
1 0.19192467102060237 0.6950645072563941 0.07507420783841652 0.05881449400955017
1 0.6039222173388209 0.7726687291182438 0.03537521034569906 0.03557540145127884
1 0.6390330032321982 0.772333912420688 0.03068771034569906 0.03541171034428618
1 0.5848576317620127 0.8953150554344464 0.028897889812585474 0.027544646641955238
1 0.5847690520576994 0.8118031509879426 0.0193864974927175 0.022529764427970278
1 0.5719879072305488 0.8285268595181303 0.027335389812585476 0.02749008293962447
1 0.5757721367765777 0.8512922369227921 0.019295569279472246 0.01940476442797028
1 0.5880675482967757 0.8446974965414391 0.028897889812585474 0.027544646641955238
1 0.5962748533904829 0.8317163469042587 0.030460389812585476 0.027599210344286362
1 0.6113997482176334 0.8150744839275672 0.027380853919208192 0.029052582939624472
1 0.6250076071514066 0.799940557248545 0.02880696159934022 0.024419646641955416
1 0.5983314468848497 0.7951067243089204 0.02898881802583091 0.03066964664195524
1 0.41036374861334474 0.9602431070710598 0.04667642319868044 0.048457347367595105
1 0.7776134330947964 0.9215576408211417 0.03936402837152997 0.06537202885594055
1 0.7647951843484375 0.9101836312024947 0.05025606426490725 0.06419147477225665
1 0.8407786743193076 0.9854067981780522 0.07663670783841639 0.02918640364389553
1 0.7429860319994397 0.9789186960011339 0.08784699247815268 0.042162607997732235
1 0.6461886221951014 0.6695635764858385 0.05797763605166182 0.061339293283910835
1 0.6925778888881488 0.6813294557045989 0.08977320533113406 0.08118056733052796
2 0.630830395156355 0.624541253164861 0.059676528371529966 0.0660813569862416
1 0.7898774715619631 0.4310789737607662 0.04520485141192587 0.05152778366526398
1 0.7462758872387961 0.5419420626908404 0.061011707838416564 0.05832342068857237
1 0.7060062399043632 0.5795586245790728 0.053335600158284535 0.06273810217691818
1 0.9887886815119507 0.6310318776591157 0.022422636976098788 0.05120040145127884
1 0.9964587775136001 0.5228473554265971 0.0070824449727997065 0.06789682813030104
1 0.9776549532195631 0.5737278091474615 0.044690093560873834 0.07238592068857255
1 0.9729076172470436 0.5139981450823109 0.05418476550591293 0.06909722958158007
1 0.940480528305023 0.5643329617798667 0.06950616943775642 0.08203373920022691
1 0.8959302094212621 0.6962352370076101 0.07052310015828453 0.06333830290255768
1 0.7501092440609982 0.7005085308396751 0.05963106426490725 0.0645188569862416
1 0.7390293400626478 0.6415873986256899 0.05682431301126591 0.07534722958157988
1 0.6902281272096662 0.6273959238534335 0.06427310015828454 0.06312004809323427
1 0.7748986439027137 0.6404986137792996 0.05181856426490725 0.0642460384745874
1 0.836146032461658 0.6800993163190376 0.07097774122451135 0.07896330290255768
1 0.8621713233696002 0.6357416811098275 0.07369356426490725 0.06500993030721922
1 0.8108755963308539 0.5894643926352401 0.07258570533113406 0.08058036660488846
1 0.8545059243858149 0.533234240002835 0.08370506175762457 0.08721231252120454
1 0.7903953309579547 0.10018363782591674 0.029216138558944317 0.038482146641955414
1 0.8092362591712 0.10396340225388703 0.048102530878812645 0.0438244110699257
1 0.7848105721824661 0.17647331931426247 0.04810253087881229 0.0438244110699257
1 0.7382621811162393 0.15923869009550223 0.04217077962517131 0.05454365626060227
1 0.6980607299417403 0.19919900198373455 0.045432171945039276 0.05934028366526398
1 0.7029718873053031 0.07293660234655427 0.03537521034569906 0.03557540145127882
1 0.5871172182632578 0.14147329282057464 0.029079746239076342 0.03379464664195542
1 0.5883902132486929 0.18522329282057465 0.040426423198680436 0.04823909255827141
1 0.5454394982841404 0.34527784989948357 0.03868206677218975 0.04193452885594055
1 0.558848780416594 0.37696435951813034 0.04846624373179385 0.056324411069925695
1 0.35167512641824344 0.3111954826616229 0.061011707838416564 0.05832342068857255
1 0.48217365399835055 0.07537208846673817 0.05664245658477522 0.06909722958157996
1 0.4715029269596041 0.030513456252753035 0.05550585391920819 0.030034729581579954
1 0.33898622446495696 0.5456696863824873 0.0483753155185485 0.05319941106992552
1 0.2858384924116456 0.5430332705032381 0.05944920783841656 0.0582688569862416
1 0.2517098818285198 0.41618802830778634 0.05168217194503919 0.059558538474587405
1 0.26870951372354657 0.3566865427357566 0.05784124373179385 0.05665179328391083
1 0.29751882383181866 0.3007192849312083 0.05797763605166182 0.061339293283910835
1 0.3928423133404704 0.7067634430059091 0.05159124373179384 0.05643353847458741
1 0.31017221733882094 0.7624107530800429 0.048193459092057724 0.046949411069925694
1 0.4577615858395056 0.9781733903774285 0.049755959092057725 0.04365321924514305
1 0.4737299151481077 0.9117262507177901 0.0614663489046432 0.07394842068857273
1 0.45443275039571135 0.16805809627128648 0.04722199247815269 0.06720734736759479
1 0.43006088770101447 0.21559529518282736 0.04488660266556703 0.04059028366526398
1 0.40410614146193813 0.18190977594553365 0.038954851411925874 0.051309528855940555
1 0.38667460055399594 0.22656751151756338 0.061057171945039276 0.05988592068857255
1 0.37023960682220214 0.17136165634542025 0.05480717194503928 0.05966766587924912
1 0.3204896594086269 0.17820936787083289 0.06311977711788871 0.0771279843909034
1 0.2711034248480331 0.19755707939624548 0.04180706677218975 0.04204365626060227
1 0.27394126834240007 0.16097473865207262 0.061011707838416564 0.05832342068857255
1 0.2690013672470434 0.23260420199158377 0.05664245658477531 0.06909722958157997
1 0.10116534639736088 0.09718751324684391 0.04006271034569897 0.035739092558271415
1 0.3037160333860949 0.03089785825218603 0.05118206677218975 0.04237103847458738
1 0.31153454506457734 0.08502236306150945 0.05646060015828454 0.06284722958157998
1 0.3306338860516619 0.07086065934064514 0.06252874373179385 0.05681548439090338
1 0.34921038981258556 0.03873020561978085 0.07654577962517113 0.05574405771188108
2 0.6752192411580044 0.5675571323836212 0.03220474623907634 0.03390377404661713
2 0.6675969577719095 0.5469990957231323 0.04001724623907634 0.034176592558271324
2 0.6135686873179383 0.5677456161415524 0.02742631802583091 0.03061508293962447
2 0.6222389936652869 0.5438542483555375 0.02600021034569906 0.035248019237293704
2 0.10391855416927039 0.6209697536281971 0.06450042069139798 0.07093254809323427
2 0.2283228237653117 0.7657961587076729 0.03582985141192578 0.05120040145127884
2 0.13025504829677564 0.8287103317584983 0.04801160266556703 0.040699411069925875
2 0.1407917315245859 0.7884945595259796 0.05779577962517113 0.05508929328391084
2 0.19777751741796323 0.7889236346610559 0.035375210345698974 0.03557540145127884
2 0.2788205804292293 0.8651166016287641 0.05779577962517113 0.05508929328391084
2 0.2945676008832004 0.8430332705032381 0.04386967194503919 0.05928571996293321
2 0.2956383558977653 0.7993651160567343 0.048193459092057724 0.046949411069925694
2 0.26111259171200035 0.7661607464566209 0.03863660266556703 0.04037202885594056
2 0.11943590558119617 0.6714608269491749 0.054670779625171126 0.05498016587924894
2 0.10987200362790968 0.9060441580747007 0.05421613855894432 0.03935516587924894
2 0.5271935474388458 0.9966840601589517 0.03505696159934022 0.006631879682096553
2 0.3900823408540705 0.9337798107919241 0.03050585391920819 0.029161710344286006
2 0.36490048442757983 0.9266567915546304 0.027289925705962937 0.025927582939624473
2 0.37538334336135304 0.9114137374709461 0.028852425705962935 0.02598214664195524
2 0.3437923625616829 0.8986037134243292 0.030460389812585652 0.027599210344286362
2 0.3614883279219468 0.8898561960011341 0.025909282132453627 0.0321230192372937
2 0.4011729535487675 0.885778820410571 0.036755853919208194 0.02937996515360979
2 0.4427694201626725 0.8669395403735038 0.03734688730530315 0.04969246515360979
2 0.40950227909644576 0.8501687026245559 0.03840928213245363 0.03255952885594056
2 0.3931498533904828 0.8246230656012475 0.05421613855894432 0.03935516587924894
2 0.431553123844454 0.8033309081595188 0.04024456677218975 0.041989092558271324
2 0.4128569481384911 0.777703425582714 0.057477530878812286 0.044151793283910834
2 0.4283084518994148 0.7454638444571879 0.046858279625171126 0.05470734736759475
2 0.48929977619345183 0.7226191106992568 0.06556281551854859 0.05379961179556503
2 0.54476617768452 0.8049430265785059 0.048193459092057724 0.04694941106992552
2 0.5700784147523962 0.7629018595181305 0.06776181301126591 0.07572917549789597
2 0.5348312365391509 0.7585491762156862 0.04364235141192587 0.05147321996293304
2 0.4824192903792168 0.7543775421876024 0.05779577962517113 0.05508929328391084
2 0.5018428917911426 0.8050050247644073 0.05154577962517113 0.05487103847458741
2 0.513871530350087 0.8428869706807234 0.054716243731793845 0.05654266587924894
2 0.622260691870285 0.8396478979927178 0.04837531551854859 0.05319941106992587
2 0.602235348375918 0.8756300380112512 0.039091243731793845 0.05599702885594056
2 0.6281984548024087 0.8827803390997104 0.04373327962517113 0.05459821996293286
2 0.6941082627991098 0.9901190908289909 0.04810253087881229 0.019761818342018244
2 0.5611593704792417 0.9839211653310949 0.04515938730530315 0.03215766933781019
2 0.6069659639736087 0.9577431335647475 0.05292642319868044 0.04867560217691817
2 0.6409090549606932 0.9440997850160263 0.059358279625171304 0.0551438569862416
2 0.9455150207831755 0.6300670891845284 0.0675799565847754 0.0694791754978958
2 0.6724616171805364 0.7141865957231323 0.05301735141192587 0.051800602176918176
2 0.6340667069139798 0.7089435350160264 0.040335494985435004 0.045114092558271326
2 0.5997909953146395 0.684332915415913 0.058159492478152684 0.06758929328391083
2 0.5941427373970807 0.5975050380112512 0.04221624373179367 0.056106156260602266
2 0.6470487770513816 0.5650124857416657 0.04341503087881229 0.04366071996293304
2 0.6770639198334681 0.2554390782999372 0.02600021034569906 0.035248019237293704
2 0.4181341668639673 0.58355412149903 0.07052310015828453 0.06333830290255768
2 0.39103210926297755 0.6177282248570746 0.046721887305303154 0.05001984736759475
2 0.3802931860642972 0.5705258426430895 0.034040030878812376 0.043333337748947896
2 0.496565392253361 0.48951643402023437 0.04961956677218957 0.04231647477225664
2 0.5292127562016992 0.4313418354715132 0.041716138558944314 0.03891865626060209
2 0.5296159214828208 0.3915526491738441 0.04497753087881247 0.04371528366526398
2 0.5215389970304991 0.3553696125133553 0.04515938730530315 0.04996528366526398
2 0.5129536072179135 0.328534294001701 0.030551318025830908 0.030724210344286275
2 0.5213738609788372 0.29604917621568616 0.025954746239076343 0.0336855192372937
2 0.5463427687381115 0.3226761636018144 0.035102425705962934 0.026200401451278842
2 0.6056495725781774 0.32240583429038694 0.04654003087881229 0.04376984736759484
2 0.57254155588513 0.3111037465414389 0.036846782132453626 0.03250496515360961
2 0.5414590404457238 0.2889460043459873 0.03537521034569906 0.03557540145127884
2 0.5683936134861197 0.27583836913677723 0.04796613855894431 0.039136911069925694
2 0.6092997583132702 0.2600968072485449 0.04346049498543501 0.045223219962933124
2 0.6224984402874393 0.2309003805695226 0.03523881802583091 0.030887901451278843
2 0.6115632887963711 0.15013153020670292 0.029125210345699058 0.03535714664195542
2 0.6123301669304743 0.12284234390903377 0.03840928213245363 0.03255952885594056
2 0.6106252629321237 0.06424859390903377 0.016216033386094786 0.020858137023308566
2 0.6241565655185484 0.07330613537884605 0.03363085391920819 0.029270837748947988
2 0.6461535859725196 0.05144105906264346 0.02563649749271768 0.022748019237293682
2 0.6439606001582845 0.08336318165798176 0.021130853919208194 0.028834328130301134
2 0.6768412963182187 0.08685276940692971 0.04006271034569906 0.03573909255827139
2 0.726560151491068 0.10575902603035167 0.035466138558944316 0.03870040145127884
2 0.711730773356965 0.1325571390070431 0.03225021034569906 0.03546627404661713
2 0.6709382887963712 0.15220495089527544 0.025909282132453627 0.0321230192372937
2 0.6646799286089567 0.1785219142347866 0.035511602665567035 0.040262901451278844
2 0.6413644490629279 0.15507449055098918 0.03850021034569906 0.035684528855940555
2 0.6379750246106062 0.1190551449974929 0.03725595909205772 0.0465674651536097
2 0.7027782883341528 0.46862112457907285 0.06592652837152997 0.06629961179556502
2 0.7317012587089816 0.4165601167745245 0.03859113855894432 0.03880952885594056
2 0.7741625771970309 0.13239593710027736 0.0407446719450391 0.059176592558271415
2 0.75485028754273 0.16606160896997624 0.038909387305303154 0.04974702885594055
2 0.7285522119950516 0.20104424417918626 0.06275606426490725 0.0646279843909034
2 0.7304389724198929 0.26588799417918624 0.038909387305303154 0.04974702885594055
2 0.7512599377801568 0.2572496041606528 0.040471887305303156 0.049801592558271414
2 0.7848536877801569 0.2584227237607662 0.040290030878812465 0.043551592558271325
2 0.795200154394062 0.23849216967708217 0.04515938730530315 0.04996528366526398
2 0.8013221222616084 0.20748770633757102 0.034040030878812286 0.043333337748947987
2 0.8378279235943917 0.22827392149118073 0.05494356426490725 0.06435516587924912
2 0.8704298234361072 0.16853682294245959 0.04511392319868044 0.04840278366526398
2 0.892063131037097 0.13417174662625694 0.04520485141192587 0.05152778366526398
2 0.8346741798625981 0.17353185778884989 0.0514093873053028 0.05018353847458741
2 0.8491171130904082 0.13345249481215843 0.04635817445232178 0.03751984736759484
2 0.8483214912245114 0.10610874481215844 0.04139788981258548 0.02798115626060227
2 0.8002166118367671 0.14267123818873645 0.053108279625171305 0.05492560217691826
2 0.7302179443775674 0.8215650753047121 0.06289245658477523 0.06931548439090349
2 0.8582376442984252 0.7955978307470077 0.026045674452321775 0.036810519237293705
2 0.8016011993921323 0.780352287463097 0.06137542069139812 0.07082342068857254
2 0.8403454506457735 0.7707788800213684 0.042125315518548236 0.05298115626060227
2 0.9465847419494272 0.8814113343752048 0.031142351411925874 0.05103671034428601
2 0.8590620098961159 0.877574517044677 0.05761392319868044 0.04883929328391083
2 0.8565985879510766 0.8197347351935116 0.04493206677218993 0.04215278366526398
2 0.9535906305748785 0.45162463065434066 0.06252874373179367 0.056815484390903316
2 0.9374511535361322 0.4065750254821975 0.06087531551854859 0.05363592068857255
2 0.9590617290838104 0.3714286991659949 0.057613923198680084 0.04883929328391083
2 0.9858418747688908 0.3819222550637774 0.028316250462218306 0.06537202885594055
2 0.9689336880112659 0.225072054338138 0.062132623977468174 0.09119048439090331
2 0.5098359335570147 0.5969023480853851 0.05297188730530315 0.050238102176918174
2 0.5014180283050229 0.5490005614248962 0.04842077962517113 0.054761911069925694
2 0.4707590616911178 0.568221787378279 0.03716503087881229 0.04344246515360979
2 0.46061117187853223 0.541331905164294 0.03578438730530316 0.049637901451278846
2 0.5096276819076621 0.4556325073412122 0.04024456677218975 0.041989092558271324
2 0.49236597406924554 0.3988368703179036 0.045568564264907255 0.06402778366526399
2 0.4473884431904331 0.35512158665263965 0.06450042069139812 0.07093254809323427
2 0.39928356380268887 0.3916840800292177 0.05779577962517113 0.05508929328391075
2 0.45248277164110534 0.4497346822061359 0.054716243731793845 0.056542665879249124
2 0.4227474590255508 0.5275223763083534 0.05480717194503928 0.05966766587924912
2 0.431585249933493 0.482564540373504 0.05963106426490725 0.0645188569862416
2 0.37509956921296517 0.4993229652384278 0.05917642319868044 0.0488938569862416
2 0.3166218279884538 0.4207961719545169 0.04488660266556703 0.04059028366526398
2 0.3430562958560002 0.3905010367453069 0.07396634890464338 0.0743849303072194
2 0.2986961935861445 0.5021180938242157 0.04001724623907634 0.034176592558271324
2 0.3066079819868043 0.4789806941870355 0.06390938730530316 0.05062004809323426
2 0.26348010761362495 0.47201144237293685 0.05025606426490725 0.06419147477225665
2 0.29646009217421876 0.45209081197305034 0.05118206677218975 0.04237103847458741
2 0.2826870971887837 0.40790430235440345 0.05292642319868044 0.04867560217691817
2 0.37634250580598777 0.27381453375008197 0.05922188730530316 0.0504563569862416
2 0.4204418467930723 0.26052584926651134 0.04488660266556703 0.04059028366526398
2 0.4802200120741939 0.22281008365741473 0.06707985141192588 0.05229167549789597
2 0.443421042557295 0.11148071405730135 0.05788670783841639 0.05821429328391083
2 0.39986727084968254 0.14351939854087195 0.07231292069139794 0.07120536660488855
2 0.40263691818411546 0.10459330779669909 0.07038670783841638 0.05865080290255768
2 0.3558217541566351 0.13183536487560799 0.06601745658477523 0.06942461179556507
2 0.06710521278647444 0.4823239158792491 0.04171613855894436 0.03891865626060227
2 0.03910824491892807 0.5125644873861284 0.036846782132453626 0.03250496515360979
2 0.07024458465237136 0.5097495114327455 0.043233174452321665 0.037410719962933214
2 0.1928242783050229 0.5382242302145521 0.0659719924781526 0.06786211179556503
2 0.18357496192854464 0.6495064705959053 0.062392351411925784 0.05212798439090349
2 0.06529162635173644 0.7686880018140985 0.06386392319868044 0.04905754809323426
2 0.1113111685133199 0.7141021947351897 0.05426160266556703 0.04091766587924894
2 0.15783316435668482 0.5963169832097771 0.06284699247815259 0.06775298439090349
2 0.027858507851051796 0.5550967277674814 0.02480142319868044 0.04769345553496294
2 0.020335512865616728 0.511128472958158 0.012210494985435073 0.044131945916316084
2 0.04056544483978579 0.48217758293962454 0.0545798514119258 0.05185516587924912
2 0.17787757673481255 0.4268775024470708 0.04667642319868044 0.04845734736759475
2 0.1512839844940868 0.4517038876562808 0.04984688730530311 0.05012897477225664
2 0.07355378958779402 0.43572173439090334 0.040290030878812375 0.043551592558271325
2 0.09462480753448267 0.4356770943723699 0.04663095909205774 0.04689484736759475
2 0.10297686513547236 0.40084822658635505 0.04635817445232164 0.03751984736759475
2 0.14426945486891563 0.39838791469812274 0.03850021034569897 0.035684528855940555
2 0.11822378041659398 0.36157739546082907 0.027653638558944316 0.03842758293962456
2 0.08349943942950946 0.3751934621583848 0.043142246239076296 0.03428571996293304
2 0.05859872783016923 0.35091022477225653 0.027835494985435073 0.04467758293962447
2 0.06136837516460221 0.31198413402808367 0.02627299498543507 0.044623019237293705
2 0.07923783676394243 0.33602183475372305 0.04667642319868044 0.04845734736759475
2 0.09142794820499808 0.29898562622353536 0.03854567445232167 0.037247028855940556
2 0.1316808751646022 0.3144395006329722 0.043233174452321686 0.037410719962933124
2 0.18282583801758365 0.328712820958725 0.06413670783841656 0.05843254809323426
2 0.17349865063313824 0.24956103429823617 0.05632420783841652 0.05815972958157989
2 0.13627979546028876 0.23109128729346104 0.04373327962517117 0.054598219962933126
2 0.1185527378592991 0.26559277286549077 0.048102530878812375 0.0438244110699257
2 0.07704118778015681 0.23370536660488855 0.05310827962517117 0.05492560217691818
2 0.07695861975432586 0.20404514845605393 0.02880696159934022 0.024419646641955416
2 0.11066603002088256 0.20912451805616733 0.041716138558944314 0.03891865626060227
2 0.07363739146193822 0.17036955290255765 0.019795674452321665 0.03659226442797028
2 0.09834187476889078 0.16108632213985136 0.054716243731793845 0.056542665879249124
2 0.09171379005001243 0.12105159918169335 0.0322047462390763 0.03390377404661713
2 0.1364723605831258 0.13041916469812276 0.05623327962517113 0.055034729581579976
2 0.1010145822115959 0.06518354509800935 0.03082410266556703 0.040099210344286276
2 0.13910561559769077 0.08680557395394989 0.053153743731793844 0.05648810217691824
2 0.1841142387172289 0.10476688947037927 0.06275606426490725 0.0646279843909034
2 0.18495767319868045 0.05328623502387556 0.0641821719450392 0.059995048093234235
2 0.1512813551728495 0.022452897274927587 0.04943771034569897 0.03606647477225653
2 0.12443771034569898 0.03868553248413761 0.05512542069139794 0.0706051658792491
2 0.1181960705331134 0.011932059525979616 0.03639214106622681 0.016879965153609684