0 0.8735439899320138 0.13478719144366552 0.07405705547083344 0.09416815651766242
2 0.19112565454156213 0.41601186114173083 0.07391158510611122 0.08791815651766247
2 0.7448117393633329 0.5294042789740747 0.10290810087368066 0.05840337334017516
2 0.24090483615295089 0.5600709333504378 0.08742857123840278 0.06456246974937904
0 0.8720275495838189 0.5692121884186034 0.030996733282499987 0.056422716822512695
0 0.3927699285741659 0.8836543999765588 0.08931837955902786 0.07863406010845857
0 0.3327409651432979 0.8778356711519937 0.07808993882958344 0.06607042759490156
0 0.3359737614960756 0.9403629422292324 0.08306837955902786 0.07859769867214013
0 0.08181228514742973 0.9829988523611322 0.08205008700597224 0.034002295277735683
0 0.1162958408056944 0.07256132211051114 0.0673706443766667 0.07538179508134393
0 0.5165666381084026 0.16396458957351273 0.08655705547083344 0.09424087939029935
0 0.730897322569583 0.388679285024199 0.11155705547083343 0.09438632513557321
0 0.5708845833031593 0.4822924087571576 0.09742182028847228 0.09117951190385672
0 0.6306609332269094 0.3982537520431035 0.08673889342673621 0.10205337939029935
1 0.22391866432520793 0.4841805990414825 0.08641158510611122 0.08799087939029934
1 0.11694196571197876 0.4812141594445286 0.0904081008736806 0.05833065046753809
1 0.214189680474027 0.9357476442210222 0.06591724715020834 0.08006020472226431
1 0.31473388792097146 0.9790204003693423 0.06039329255305557 0.041959199261315305
1 0.2638435351474297 0.9835442739059094 0.0711125870059723 0.0329114521881813
1 0.2623550767505548 0.9141499001729507 0.08321384992375007 0.08484769867214012
1 0.31773486740374934 0.8175839723816576 0.08419446846486114 0.059856789031219645
1 0.3452974761612146 0.7747697584860112 0.10356271751493065 0.08652837334017534
1 0.43241626966420077 0.7580867734149299 0.09433318787965295 0.09272383118569749
1 0.4072902895158327 0.6962134873105764 0.07496493882958326 0.06605224687674216
1 0.47636759783645777 0.6825509631100796 0.09727634992375016 0.08492951190385671
1 0.8001428575231943 0.1327974445669235 0.09306162860909736 0.10521474082661783
1 0.8540977800165275 0.4331519685710286 0.09734908510611114 0.08805451190385671
1 0.881878594321076 0.3809627546753821 0.07845361474138883 0.0816954275949013
1 0.7368037900845137 0.30276451092189804 0.09447865824437507 0.0989738311856975
1 0.7252817957840968 0.46209405912649987 0.1022547906531944 0.09745678298109546
1 0.5195227582650344 0.43980038172799035 0.06402743882958326 0.06598861436318479
1 0.19580215606017357 0.04723913524403183 0.07598192496187509 0.04262383723582165
1 0.09881609365548598 0.15215791851971497 0.10977634992375007 0.0850022347764936
1 0.19096853248506937 0.0870601593463328 0.08906380642076397 0.06769656010845859
1 0.2595737153307291 0.06011183996629617 0.07681837955902786 0.07856133723582163
1 0.3371902222645833 0.048843062740737235 0.07511040919430556 0.07230224687674204
1 0.43075903751906247 0.023602689105974493 0.08684668977951393 0.03956246974937898
1 0.6704728881084027 0.16485998994285506 0.08045252583555555 0.10045451795398086
1 0.6066831450422568 0.1527685352205907 0.07845361474138901 0.0816954275949013
1 0.6025573830744095 0.2293173996819713 0.06900587955902786 0.07851588544042354
1 0.5153658543890624 0.24912538475305251 0.10374455547083343 0.09434087334017516
1 0.3676199918318749 0.184976005460949 0.07976154160312507 0.07076701795398091
1 0.30768260058934016 0.14165273145684393 0.08928201196784738 0.07707156010845857
1 0.28892998774781226 0.27593682786604773 0.1098854526972918 0.0896897347764936
1 0.20337630708635404 0.15823572257804935 0.07852634992375007 0.0848204275949013
1 0.07568183928708297 0.441124969749379 0.08499455547083343 0.09423178903121983
2 0.6692714511786804 0.2836190803019346 0.07249455547083343 0.09415906615858276
2 0.2221970826375692 0.2560146924256242 0.06915134992375008 0.08476588544042354
2 0.021363240881944315 0.35561419574527386 0.04272648176388863 0.08622839149054773
2 0.8669932510468396 0.6512252577004443 0.0766365416031249 0.07074883723582168
2 0.7398788111704165 0.0699383753832786 0.09611389342673604 0.10210792154477706
2 0.6632987805852084 0.03667590260883753 0.08902743882958326 0.0661340601084586
2 0.7336073613229164 0.2386747398446592 0.0942604526972918 0.0895988311856974
2 0.22630139475791636 0.3482385538619427 0.0031977351823611498 0.003143180718159222
2 0.1673264382609025 0.3307056202169172 0.08779224715020843 0.08018746974937896
2 0.08987293227697886 0.3685414426220159 0.09102634992375007 0.08489315046753818
2 0.012023302052360924 0.4813499939498758 0.02404660410472185 0.07519998789975162
2 0.008008602489201228 0.4141352228726369 0.016017204978402456 0.056395445745273776
2 0.3137280063651733 0.38547090914994103 0.04829333605604171 0.06121021077238851
2 0.2638916605254858 0.37814876765939326 0.07078658510611113 0.08789997579950315
2 0.3630363689223607 0.4490475958200286 0.06591724715020834 0.08006020472226431
2 0.34281609432107607 0.377826580792914 0.06773432028847229 0.09100679508134402
2 0.3946870656357288 0.39844360782208116 0.07249455547083343 0.09415906615858276
2 0.4599107157119787 0.48320949326250473 0.08168771751493065 0.08640110831306061
2 0.42597016717499947 0.5650543909013725 0.05356271751493065 0.08623748184962743
2 0.496446321335312 0.5584322070599554 0.08913654160312508 0.07082156010845857
2 0.7700468222852426 0.5865900650784284 0.08771951196784719 0.07706246974937905
2 0.7785113260849646 0.6929036975919856 0.08950021751493083 0.08644656010845857
2 0.7211884821451383 0.7386701946651193 0.07859908510611113 0.0879454275949012
2 0.6929199714115619 0.6439616826630669 0.06413654160312507 0.0706761143631848
2 0.6561460168144092 0.6796901044042356 0.08768314437666672 0.07549996974937905
2 0.6252583863054507 0.7310798875817228 0.09713087955902786 0.07867951190385672
2 0.6797439049228118 0.8407866856881288 0.07987064437666672 0.07545451795398109
2 0.617917358570034 0.7779185261454045 0.08154224715020852 0.0801511083130606
2 0.560232145139166 0.7721134328594585 0.06133884992375016 0.08472043364502539
2 0.5566538566701731 0.7244299117822197 0.05083645459715278 0.036228391490547726
2 0.5012935562333327 0.753017999214433 0.06290134992375015 0.08472952400410509
2 0.4314700590831243 0.8323100685944697 0.07213087955902786 0.07853406615858276
2 0.47810801653006874 0.8763373245463981 0.05795927678548622 0.07376475292686635
2 0.44852831288284645 0.938673698082965 0.07049564437666671 0.07539997579950324
2 0.625581775363784 0.9186071586589616 0.09742182028847228 0.09117951190385654
2 0.5390266795240966 0.911071393730043 0.0942604526972918 0.08959883118569749
2 0.5586839096724645 0.9722757571207739 0.08255923328249999 0.05544848575845229
2 0.5325207999650686 0.9874533173765261 0.06940461664125 0.02509336524694774
2 0.45595829996506865 0.9872010599120669 0.08971711664125 0.025597880175866193
2 0.4011435133959367 0.9925334545258725 0.07383754350298606 0.014933090948255057
2 0.3276332782135755 0.9954493762670413 0.07056707313826394 0.00910124746591734
2 0.17799891375652704 0.8792794756031114 0.07805357123840287 0.06450792759490157
2 0.13099728039777708 0.8508772196511831 0.08684799620027786 0.10674087939029916
2 0.15828386616947834 0.9871005450813438 0.10061824905006947 0.025798909837312322
2 0.045712437407881175 0.9230471354404235 0.06159342306201397 0.0956579336450254
2 0.06695296419336735 0.8497232649289188 0.08931837955902784 0.07863406010845857
2 0.29299074696277716 0.7393044362773041 0.06693423328249999 0.05663179508134384
2 0.31228756725124945 0.64877943022718 0.07838087955902787 0.07857042759490121
2 0.3202650278323259 0.5745970416634985 0.08030705547083343 0.09420451795398091
2 0.3005175319163885 0.4830635266363837 0.08154224715020834 0.0801511083130606
2 0.24884331630131892 0.6218442255049157 0.07511040919430564 0.07230224687674217
2 0.12384462272208285 0.5539204064194665 0.07351154160312508 0.07073065651766246