1 0.659375 0.43125 0.05234375 0.05625
1 0.70390625 0.440625 0.06015625 0.07265625
0 0.0265625 0.66015625 0.053125 0.0640625
0 0.57578125 0.53828125 0.07578125 0.065625
2 0.79453125 0.4046875 0.07109375 0.0578125
0 0.084375 0.165625 0.06640625 0.0640625
0 0.6265625 0.975 0.078125 0.05
0 0.63515625 0.65546875 0.08359375 0.05859375
0 0.921875 0.6859375 0.06484375 0.07421875
0 0.85078125 0.84140625 0.0671875 0.0609375
0 0.84140625 0.74296875 0.06015625 0.06875
0 0.2828125 0.82265625 0.06875 0.06171875
0 0.12109375 0.696875 0.08828125 0.06640625
0 0.24453125 0.40234375 0.0671875 0.0546875
0 0.3984375 0.2046875 0.06484375 0.0703125
0 0.496875 0.30078125 0.0640625 0.05703125
0 0.37265625 0.3546875 0.0859375 0.05703125
0 0.33046875 0.4171875 0.0828125 0.08671875
2 0.7625 0.64765625 0.04921875 0.071875
2 0.81171875 0.5921875 0.0734375 0.06953125
1 0.77578125 0.85625 0.06875 0.07421875
1 0.63828125 0.796875 0.0703125 0.0640625
1 0.6265625 0.7375 0.0703125 0.0578125
1 0.90625 0.95390625 0.06640625 0.05390625
1 0.8515625 0.9703125 0.06015625 0.059375
1 0.878125 0.63515625 0.04140625 0.046875
1 0.89140625 0.36875 0.0796875 0.0640625
1 0.8828125 0.25859375 0.0546875 0.08125
1 0.89765625 0.19296875 0.06875 0.07109375
1 0.79765625 0.075 0.0640625 0.0890625
1 0.715625 0.11484375 0.06953125 0.0578125
1 0.8375 0.23203125 0.059375 0.084375
1 0.63671875 0.5234375 0.0546875 0.05703125
1 0.58671875 0.475 0.0609375 0.0609375
1 0.9234375 0.83125 0.053125 0.06875
1 0.040625 0.7609375 0.053125 0.05703125
1 0.61015625 0.92265625 0.08671875 0.06953125
1 0.68671875 0.7328125 0.0578125 0.05390625
1 0.70703125 0.653125 0.06015625 0.08515625
1 0.4640625 0.58828125 0.06796875 0.06484375
1 0.4328125 0.525 0.07890625 0.065625
1 0.5015625 0.49921875 0.075 0.06640625
1 0.49375 0.43046875 0.0734375 0.0640625
1 0.45546875 0.37421875 0.05703125 0.05625
1 0.43203125 0.4078125 0.059375 0.06484375
1 0.4671875 0.3328125 0.03984375 0.04140625
1 0.43515625 0.340625 0.05234375 0.040625
1 0.5234375 0.36015625 0.07109375 0.075
1 0.58828125 0.365625 0.06171875 0.06484375
1 0.56875 0.2796875 0.0890625 0.06875
1 0.3984375 0.2765625 0.06875 0.075
1 0.278125 0.21015625 0.05078125 0.075
1 0.33984375 0.08984375 0.078125 0.071875
1 0.1609375 0.0421875 0.0796875 0.0625
1 0.02421875 0.03671875 0.0484375 0.0734375
1 0.084375 0.12265625 0.06875 0.04921875
1 0.25546875 0.12421875 0.059375 0.0484375
1 0.2546875 0.2875 0.078125 0.07109375
1 0.17890625 0.3046875 0.09140625 0.0671875
1 0.2046875 0.20859375 0.07578125 0.07421875
2 0.82578125 0.671875 0.065625 0.0640625
2 0.76328125 0.24453125 0.05390625 0.0734375
2 0.7515625 0.3265625 0.06171875 0.0671875
2 0.8984375 0.0125 0.05625 0.025
2 0.98984375 0.028125 0.01953125 0.046875
2 0.7515625 0.0265625 0.04140625 0.04375
2 0.69453125 0.04296875 0.05546875 0.065625
2 0.6265625 0.08203125 0.04296875 0.046875
2 0.65859375 0.146875 0.06328125 0.05859375
2 0.8640625 0.15078125 0.05546875 0.05
2 0.8625 0.07734375 0.07421875 0.07265625
2 0.80859375 0.15234375 0.06171875 0.06640625
2 0.675 0.375 0.07421875 0.04375
2 0.79765625 0.453125 0.046875 0.03984375
2 0.94453125 0.2734375 0.06953125 0.071875
2 0.978125 0.44140625 0.04296875 0.065625
2 0.89375 0.43671875 0.05703125 0.05390625
2 0.80234375 0.48203125 0.0703125 0.05625
2 0.9109375 0.578125 0.0578125 0.06875
2 0.8328125 0.5265625 0.06328125 0.07265625
2 0.97734375 0.609375 0.0453125 0.075
2 0.97265625 0.54375 0.0546875 0.0625
2 0.7515625 0.78515625 0.0796875 0.06328125
2 0.6234375 0.87265625 0.0828125 0.053125
2 0.70703125 0.84765625 0.06640625 0.09296875
2 0.4640625 0.8140625 0.0453125 0.03671875
2 0.453125 0.8875 0.0484375 0.06171875
2 0.5453125 0.8671875 0.0703125 0.06328125
2 0.5125 0.80703125 0.0578125 0.06171875
2 0.275 0.86953125 0.07734375 0.0625
2 0.1921875 0.68671875 0.05234375 0.05625
2 0.27109375 0.7484375 0.04765625 0.04453125
2 0.22109375 0.73828125 0.0625 0.059375
2 0.35234375 0.75078125 0.0609375 0.06640625
2 0.31875 0.77578125 0.065625 0.0734375