1 0.6933409176467713 0.43645111265409664 0.0703865416031249 0.0719126740119446
1 0.7367824463321184 0.45576350389663134 0.0801979526972918 0.09088087955902786
0 0.0180337527528824 0.539716463430868 0.01264677678548617 0.07369207313826394
0 0.5837314879352435 0.5296763954235064 0.09571384992375016 0.08655705547083344
2 0.8387625204203129 0.43775642667430487 0.0892820119678472 0.07859908510611113
0 0.15410692496187503 0.04050582551309023 0.0863024823325695 0.08101165102618046
0 0.5439871486481606 0.9714651583412843 0.08982621941479163 0.0348854526972918
0 0.6196716007767714 0.6632876760087149 0.10189111474138901 0.08357752583555574
0 0.9094809428167367 0.7558147892314923 0.08652068787965277 0.09415134992375015
0 0.8026705112053479 0.9021287044097216 0.08619337955902787 0.08008884992375016
0 0.8150958163918409 0.7978769622935064 0.08008884992375016 0.08619337955902787
0 0.21938261967847286 0.7609335807377081 0.08622974715020844 0.08165134992374998
0 0.079535603626563 0.5961288111704166 0.10988545269729175 0.09157186379145835
0 0.27004627516996554 0.3181089946816664 0.08292290919430556 0.07376611474138901
0 0.47084244291364596 0.1461573402370135 0.0864479526972918 0.09102634992375007
0 0.5525853650257294 0.2661957768823954 0.07983427678548623 0.07525587955902786
0 0.4125786140757989 0.2960313600886455 0.10338087955902786 0.08048889342673622
0 0.35523954597152807 0.35130139475791633 0.10875936379145852 0.11028549620027786
2 0.7529932470532993 0.6820714307583675 0.06915134992375016 0.08593880642076393
2 0.8160192707046534 0.6360491095199647 0.0942604526972918 0.09120818787965276
1 0.722147209818577 0.9016578853555203 0.08964568787965277 0.09422408510611113
1 0.5926214043477437 0.8108718440367356 0.09102634992375017 0.0864479526972918
1 0.5934558993137505 0.7459735426499648 0.0892820119678472 0.07859908510611113
1 0.8752137391695145 0.6940785086462841 0.05447060087368065 0.059048998100139014
1 0.9462477120996879 0.42118456288284645 0.10043771751493083 0.08822865824437506
1 0.959980944147917 0.30595895317545063 0.07725479065319477 0.0986206443766667
1 0.972858231382639 0.24069697587687422 0.05428353723472199 0.09044446846486114
1 0.9091230397032639 0.10234429711527701 0.08819229065319475 0.09887521751493064
1 0.8180986494106598 0.12087805119933961 0.08771951196784719 0.07856271751493064
1 0.9192461881639933 0.2686050767505548 0.0836502610179167 0.10501611474138901
1 0.6493383041396532 0.5273677065939231 0.07194904160312507 0.07194904160312507
1 0.6088211004924309 0.46577689637343694 0.0783445119678472 0.0783445119678472
1 0.8809227977744799 0.9057790748506939 0.0722399823325695 0.0844490416031249
1 0.5368643264598273 0.9341106287060065 0.10839568787965277 0.09466049620027803
1 0.6569735386564244 0.7546569052071522 0.07347517401194459 0.07042290919430556
1 0.6950170928929866 0.676385781632048 0.0836502610179167 0.10501611474138901
1 0.4577508693941324 0.5576221703091315 0.0878649823325695 0.08481271751493047
1 0.43809102640423647 0.485384147607708 0.10043771751493065 0.08822865824437506
1 0.5144171370615629 0.47344588563986073 0.09418771751493064 0.08808318787965277
1 0.522101044071667 0.40057143009277735 0.09255248233256949 0.08492182028847228
1 0.49397473765090305 0.3340021791428468 0.07354790919430557 0.07354790919430557
1 0.4626344718833336 0.3644352147620482 0.07845361474138901 0.08303201196784729
1 0.5141411140757988 0.29366746666190935 0.05276263050895835 0.05276263050895835
1 0.47978429787138915 0.29524880366788153 0.06533536569131951 0.05617857123840277
1 0.5666673552420837 0.33387358615295093 0.09280705547083343 0.09585932028847229
1 0.633564567723021 0.3534217135277773 0.08157861474138883 0.08310474715020835
1 0.6306012622521877 0.25968989732336756 0.10992182028847228 0.09313436379145842
1 0.4553824034947224 0.22077613373999966 0.08964568787965277 0.09422408510611113
1 0.3453151128415279 0.12641049753145805 0.07078658510611122 0.0891001740119445
1 0.43519327080156256 0.030664852489201228 0.09851154160312507 0.061329704978402455
1 0.16286367591180556 0.014206663943958281 0.08197735182361114 0.028413327887916562
1 0.3400080573706945 0.032800468655485984 0.07336607123840277 0.06560093731097197
1 0.30483688962701405 0.20082992249333306 0.09742182028847228 0.09284342306201392
1 0.22280563962701408 0.20273922103031233 0.11308318787965285 0.0947695989738195
1 0.2698605179517709 0.10862489190812478 0.09749455547083344 0.09596842306201396
2 0.8140768706284035 0.720515028497916 0.08470361474138884 0.0831774823325695
2 0.8402126515948612 0.2649728901051729 0.07394795269729144 0.09073540919430556
2 0.810108883927431 0.3485309257243744 0.0816149823325695 0.08466724715020835
2 0.8080138281722569 0.05701557295083266 0.06675239532659702 0.049964938829583395
2 0.7332320337193403 0.06813621732749939 0.05606946846486131 0.060647865691319504
2 0.752946428096007 0.142717990028923 0.07987064437666688 0.07681837955902786
2 0.9641914195950868 0.18938904901513806 0.07161716080982643 0.06726154160312507
2 0.9650989763486459 0.11271744624159641 0.0698020473027082 0.0938604091943056
2 0.9062357354667017 0.1797971498888187 0.0816149823325695 0.08466724715020839
2 0.7201930519554518 0.38110899601284665 0.08739220364722229 0.06450021751493065
2 0.830569467133681 0.4887558822213882 0.059048998100139014 0.05447060087368065
2 0.9864128915268751 0.3310310351474297 0.027174216946249885 0.0898625870059723
2 0.9940818807932988 0.5113724985782977 0.011836238413402356 0.07242051386770836
2 0.9338217537028128 0.49182437120347144 0.0719126740119446 0.07038654160312507
2 0.8297343189572921 0.5200422498125687 0.08768314437666688 0.07700021751493065
2 0.9216880424561463 0.642188047115277 0.07696384992375016 0.08612064437666671
2 0.8520281994662504 0.5711137873316312 0.0849218202884721 0.09255248233256949
2 0.9703989526003826 0.68639133558427 0.04095361474138883 0.08215918977951393
2 0.9781217869956425 0.6166055124460061 0.04375642600871501 0.07136716014423605
2 0.712498146463959 0.8229334733114231 0.09883884992375017 0.0866297906531944
2 0.5615363649288202 0.8858543134515273 0.10018314437666671 0.07729115824437507
2 0.6520158945640979 0.8774949931630551 0.09320709897381967 0.1130468202884721
2 0.4084457728888548 0.790145036000451 0.05581489532659738 0.04971036569131968
2 0.3820118658787507 0.8634559026417012 0.0673706443766667 0.07652743882958361
2 0.4812851672655215 0.8634903106017358 0.08939111474138883 0.08328658510611149
2 0.4608986256623965 0.7936142216959023 0.07525587955902786 0.07983427678548623
2 0.20094239741388958 0.8082631756274651 0.0956774823325695 0.08499455547083343
2 0.1546992577868755 0.6014144167937499 0.07038654160312507 0.0719126740119446
2 0.22379605632385474 0.6818818603729859 0.060684233282499986 0.05763196846486114
2 0.17326872625173667 0.6603893732907637 0.07987064437666672 0.07681837955902786
2 0.3063182688047923 0.7010663118360068 0.08157861474138901 0.08310474715020852
2 0.2661114961033687 0.7199806192067012 0.08652068787965286 0.09415134992375015