1 0.3352973827155806 0.67539439191745 0.07466480925276535 0.07287699400955035
1 0.33362974269969464 0.7261483600662846 0.09519549756436803 0.08608632213985139
0 0.7451391761367381 0.08074166786298366 0.0740920649348082 0.040064494009550235
0 0.4731207110430694 0.6168874658713999 0.09078073295387146 0.10154763103285873
2 0.2703564009795253 0.8130555938242157 0.08126936525911965 0.09340774881887377
0 0.2021664719968228 0.01722224945184583 0.0862920560063544 0.02331350362819707
0 0.9195302865311845 0.7935120302915208 0.05942163879807012 0.09420635698624161
0 0.582421798706049 0.7145114887368906 0.0862023271096728 0.10763393992586608
0 0.5406574440002362 0.9917609471822605 0.09122501785690744 0.01647810563547907
0 0.7245784764676403 0.9762847693221117 0.08406708279171564 0.047430461355776644
0 0.621917126629796 0.9584276193684452 0.08894549756436802 0.0831447612631095
0 0.8570901566582727 0.3848339455377978 0.08592959172016919 0.09200893992586626
0 0.7645828770302425 0.1760095278444502 0.09568642126547414 0.11421132213985134
0 0.41509534578065443 0.22399807222466936 0.07808981818121907 0.09017362141421197
0 0.16150096712885412 0.3316195661494016 0.09371481818121903 0.09071925843752045
0 0.2381298766265007 0.4648437831171098 0.07803527110331832 0.08704862141421188
0 0.3300873258951521 0.34688744600113397 0.08307732710967279 0.10752481252120454
0 0.40794927313520857 0.31990084926651136 0.11756142126547413 0.1149752139724833
2 0.5394512743563198 0.8474678324762884 0.08870003571381488 0.07180556733052797
2 0.4668807991130862 0.884801652169069 0.09544095941492117 0.10014882213985139
1 0.7601671489509304 0.9216221282072699 0.09848413879807012 0.09557044954451328
1 0.7340973470017657 0.7581126997141491 0.08910913879807011 0.09524306733052797
1 0.6728558839333967 0.7286136834720802 0.08126936525911965 0.09340774881887359
1 0.8547335807697113 0.9967088859270004 0.0631272913958579 0.00658222814599938
1 0.4959176883181932 0.9678968943645208 0.06350912094116268 0.05999504809323426
1 0.20541146510355449 0.906158263879816 0.09083528003177203 0.10467263103285873
1 0.09044103003836267 0.8646205499073328 0.10295345048646734 0.08323414065150558
1 0.031162856333961264 0.863055560707106 0.06232571266792253 0.09486112141421188
1 0.010402117291009896 0.6442956370233086 0.02080423458201979 0.09171627404661713
1 0.07342685390162458 0.8093055673305279 0.10772277110331836 0.08808533175849824
1 0.4407797694850558 0.6782961918247828 0.07628185633066593 0.0760565577118811
1 0.40131389489044533 0.6104712855641805 0.08266822402541756 0.08408731252120454
1 0.850816431818781 0.11726449962148186 0.07121252678536116 0.05401786660488854
1 0.8770524602322904 0.7638865284774223 0.0988114212654743 0.1143204495445131
1 0.6522064188364327 0.7919941371929446 0.0731841298696164 0.0775099303072194
1 0.5607728952974824 0.7903646606065895 0.10772277110331849 0.08808533175849824
1 0.5562525852306429 0.5119122783926044 0.08905459172016936 0.09211806733052796
1 0.4969690884770538 0.45981157585286636 0.09083528003177221 0.10467263103285873
1 0.45047018953271395 0.5261979784852716 0.09231595941492117 0.10003969473518967
1 0.3790315661559195 0.49868804817805223 0.0891636858759707 0.09836806733052797
1 0.32921852678865654 0.44144597785229944 0.0763091298696164 0.07761905771188111
1 0.37093842248658543 0.4249231659640671 0.08576595048646736 0.08263393992586625
1 0.28153500324970615 0.44134428493120836 0.05561480032431163 0.055034729581580066
1 0.29850036079818815 0.4098859538056823 0.0574227621748646 0.06915179328391083
1 0.2959736043053664 0.509858671954517 0.1016636858759707 0.09880457694917481
1 0.2837815215136507 0.5813517260382008 0.08738299756436803 0.0858135036281972
1 0.19626393060426026 0.5345188768565075 0.0988386948044245 0.11588294954451292
1 0.23932595820040037 0.35153525126594437 0.10007391233702041 0.09718751324684387
1 0.19967489732278199 0.20474953130301127 0.09503185633066602 0.07671132213985139
1 0.06853794561849866 0.23847471215838478 0.06887845941492107 0.09922123920022682
1 0.11297946672181702 0.15560021397248333 0.06852390340856665 0.07890873920022683
1 0.2888601282480585 0.20082841233587004 0.09708528003177204 0.10489088584218224
1 0.32771016842610035 0.1247941911918106 0.09733074188232518 0.11895338584218221
1 0.21825334780924935 0.12566223202865068 0.10018300649282175 0.10343751324684392
2 0.5490796444867035 0.9228497783926045 0.08590231818121907 0.09044643992586643
2 0.10601325731019125 0.7338343413771451 0.09352390340856669 0.07978175843752063
2 0.19806438961543954 0.7448660998146656 0.09053527110331841 0.08748513103285874
2 0.03502997037526499 0.5935788744094369 0.07005994075052999 0.08403274881887376
2 0.006503775570840515 0.8137450414698122 0.01300755114168103 0.07436508293962447
2 0.020344133119322486 0.7556150829396245 0.04068826623864497 0.08623016587924912
2 0.27039908563768 0.6762549982707194 0.06564436525911965 0.09286211179556503
2 0.32165980235949704 0.8296999460011338 0.055751168019063255 0.0628472295815797
2 0.09354271063932765 0.9108507091631598 0.08522047970746054 0.05138393992586643
2 0.27774043263615045 0.927445476038201 0.07318412986961631 0.07750993030721957
2 0.3511291140478943 0.8432366563454202 0.07970686525911974 0.093353185116543
2 0.425346089698165 0.9718006220471842 0.08872730925276535 0.0563987559056315
2 0.3909904549572848 0.8884053126060225 0.09683981818121908 0.09082838584218215
2 0.6913859212720647 0.8762252934535468 0.08927278003177222 0.10461806733052796
2 0.8192126866933404 0.7634301714911808 0.07992505357072233 0.10585318511654282
2 0.770097302359497 0.8453597285700896 0.1188511858759707 0.09940477767481433
2 0.7982531245979059 0.5758656841050525 0.0525716209411625 0.059613102176918176
2 0.8801616436726292 0.5857615284774224 0.08086026217486478 0.06997024881887359
2 0.8347752313356089 0.6779837448121585 0.08754663879807012 0.0951885036281972
2 0.7786167345820199 0.6259921696770822 0.08258640340856652 0.07939981252120454
2 0.9093793595803721 0.3897868295658815 0.08765573295387127 0.1014385036281971
2 0.7351623839301015 0.2492461312024948 0.07466480925276535 0.07287699400955025
2 0.7802782406678045 0.35166429227242046 0.06202844155801372 0.06462798439090331
2 0.7828498616089671 0.29390635597475134 0.08110572402541774 0.0840327488188736
2 0.7607821724865854 0.43853680969561565 0.08894549756436802 0.08586806733052796
2 0.796470256496117 0.4092957429980599 0.09686709172016954 0.09239088584218216