0 0.9403184546367171 0.97937770339352 0.029907675893442943 0.041244593212960014
0 0.6151752387056556 0.7435276594127691 0.05391817885919252 0.05841248400699968
0 0.5819263399982499 0.828256648074451 0.06868101581733085 0.07576361600890849
0 0.6973961255872443 0.994261266709089 0.06482650395433254 0.011477466581822072
0 0.7283967747889415 0.9158577400938593 0.06641817885919252 0.0585579346753633
0 0.4528237718231919 0.8985953253898611 0.06829901384016442 0.06638861600890848
0 0.08051373722278082 0.7302783933402269 0.09093801779449714 0.085393154678545
0 0.2549991536875026 0.3364027660327712 0.0660016847906915 0.08666475334181775
0 0.2688480894667773 0.42714594470081657 0.06667284684397004 0.0648079346753633
0 0.13699857018940537 0.33424882535009015 0.07062551779449713 0.08515679734245411
0 0.046113585018153005 0.4034704453373634 0.054427514828747615 0.07091248400699968
0 0.8132759328135251 0.08598952144331312 0.05991351087441501 0.05223520934118146
0 0.7643609303420673 0.07370715010340434 0.05666117688202625 0.04907384667409058
0 0.7972211457788372 0.305229870106586 0.06868101581733085 0.07576361600890866
0 0.789226915056209 0.39649976010499516 0.06303851087441484 0.05227157200827239
1 0.41456249608284834 0.3812078307208611 0.029462006920082294 0.033139764003817976
1 0.4013595005314727 0.40213794871895214 0.035521005931499164 0.028524989337999785
1 0.3987319076418353 0.3568163580521794 0.03421317391627667 0.03475680800445442
1 0.5499242649031097 0.866928249403224 0.029462006920082294 0.033139764003817976
1 0.5261047629259433 0.8572805294000425 0.037656508897248565 0.04260567067154497
1 0.4875144482109265 0.9450708833943153 0.03395850593149916 0.028506808004454598
1 0.5392215282489825 0.9300549580680878 0.029334672927693362 0.030014764003817973
1 0.5437472021652592 0.9644663207351787 0.029143671939110403 0.025327264003817972
1 0.5498552807204404 0.9418918867361331 0.024519838935304607 0.026835220003181347
1 0.6996470336861901 0.9576907040897232 0.032841674904859806 0.0394261266709087
1 0.7340512085910498 0.9930169400461342 0.029016337946721472 0.013966119907731667
1 0.7538716186671619 0.9661304600970411 0.02595500494291585 0.023728401336727246
1 0.6819064353593453 0.8864242314210415 0.04728617688202626 0.04896475867281822
1 0.632043039617689 0.9814703653723619 0.036157675893442945 0.03705926925527621
1 0.6092103760815357 0.9961323020369074 0.05057300296574958 0.007735395926185262
1 0.6544592090853414 0.994842522040089 0.047575336958138335 0.010314955919821855
1 0.6628473706443283 0.9722135440404072 0.0586693458553869 0.055572911919185584
1 0.7646154590853413 0.9955152313812705 0.03663783695813834 0.00896953723745888
1 0.7847687915948554 0.9917635227164068 0.024456171939110226 0.01647295456718645
1 0.8031540356633563 0.9682656721037226 0.03960101087441501 0.05199885200509087
1 0.8999335351690647 0.9670491647835402 0.048721342889637496 0.04585794000636341
1 0.9216029467280518 0.9430940441199489 0.044224843878220454 0.050490896005727134
1 0.8912641893136779 0.9076014394493583 0.045214340912470875 0.036446577339272326
1 0.8229306833821788 0.8786946421069042 0.04734984387822081 0.05052725867281786
1 0.680910326652377 0.766157184754905 0.051973676882026254 0.04901930267345413
1 0.6486416547132668 0.7407935580839962 0.03947367688202626 0.04887385200509069
1 0.7654272480971958 0.7897861360995864 0.07891817885919253 0.05870338534372692
1 0.34564930589213044 0.6638652420432708 0.035775673916276673 0.03477498933799979
1 0.3129495524320893 0.6470862747055891 0.03271434091247105 0.03630112667090888
1 0.31799383258387615 0.7900459340388164 0.030769838935304605 0.026907945337363515
1 0.34990306577796215 0.710767514043589 0.021203837946721472 0.0221113573360908
1 0.3539194037246836 0.7326788767106798 0.027708505931498983 0.02843408267027243
1 0.3429964911771135 0.752073766709089 0.021076503954332713 0.018986357336090796
1 0.3331439887056556 0.7402459287078162 0.030833505931499073 0.028470445337363516
1 0.3317260687437117 0.7246118380410436 0.030769838935304605 0.026907945337363515
1 0.3229585638007958 0.7010834313733163 0.02777217292769336 0.029996582670272432
1 0.3150359758540743 0.6791266153723619 0.030706171939110228 0.025345445337363513
1 0.3427298943331435 0.6880385387094071 0.03089717292769345 0.030032945337363514
1 0.4590392797318573 0.9361498693904974 0.05041117688202608 0.049001121339908596
1 0.12466298524561448 0.7214215613462722 0.041800180836358836 0.06764203333863605
1 0.1424407342570313 0.7169431466820447 0.051111513840164415 0.06618862133990877
1 0.05114191361051538 0.776008516669318 0.04230951680591397 0.08014203333863605
1 0.06277709197541628 0.8315863546705907 0.06086851581733079 0.07567270934118149
1 0.12613925501727796 0.8151442893459538 0.09269151878308031 0.09009883601209054
1 0.3447486976794539 0.5459419453771344 0.060359179847775654 0.0631727093411815
1 0.2950842787060931 0.5344317333704528 0.092309516805914 0.08072383601209036
2 0.37531560676698283 0.5103771627148159 0.06361151384016442 0.06633407200827221
1 0.29746388490442227 0.2478766153723618 0.0474771778706093 0.053652258672817865
1 0.2971839950942652 0.37515673070495276 0.0649193458553869 0.060102253341817756
1 0.32053792345916604 0.43087092870781624 0.054109179847775656 0.06309998400699968
1 0.06340456129215681 0.2912249840069997 0.049612680836358836 0.06773294000636332
1 0.09170863342154752 0.23845452001113587 0.057488847832553217 0.06938634667409058
1 0.10450706376361474 0.3034164486791812 0.07362318380210837 0.08206816000954502
1 0.09799176140588754 0.45014599801081767 0.07442167984777566 0.06333634134309048
1 0.23376477672892673 0.5243476613621805 0.06204901384016441 0.06631589067472703
1 0.26763309935260904 0.47398458203372573 0.05774351581733077 0.07563634667409058
1 0.3187963513297754 0.48395047537395275 0.06660917984777566 0.0632454346753633
1 0.23330717889637356 0.45562493336249865 0.054172846843970036 0.06466248400699967
1 0.16021984737544268 0.4633641606858627 0.071997016805914 0.08048747867599956
1 0.15249091901054176 0.40783177601845366 0.07767401384016441 0.06649770401018137
1 0.21810133155811187 0.38907323269413513 0.07512201680591399 0.08052384134309047
1 0.1978896492388783 0.31465448802513524 0.08787668479069155 0.0869192920114541
1 0.3958218359695551 0.01709987738699753 0.047893671939110226 0.02554544000636334
1 0.44760717045623544 0.02316861139399721 0.04208934091247087 0.03641021467218157
1 0.47070643083635877 0.0726328093968607 0.04773184585538672 0.059902258672817885
1 0.5978910133458729 0.07020833808081446 0.029462006920082117 0.03313976400381802
1 0.5792975222431215 0.11215948074472368 0.04103617688202625 0.0488920333386361
1 0.5605833088206988 0.2852969887412239 0.039155341901054186 0.04106135200509069
1 0.535788897261712 0.309215746737724 0.04903967787060921 0.05367044000636341
1 0.7575339046760858 0.3469355647676317 0.0633568458553869 0.06008407200827239
1 0.7211056788591925 0.06617591343090459 0.05366351087441501 0.052162484006999674
1 0.6817685366147586 0.576413432089405 0.05066584486680377 0.05525112133990895
1 0.73344112456148 0.598879325429632 0.06173067885919252 0.05850339067472685
1 0.812801019314553 0.4959457767743132 0.052419345855386726 0.059956802673454136
1 0.8187207554743885 0.43042077410881313 0.061667011862997965 0.05694089067472703
1 0.8120768246380298 0.36318782077494954 0.060231845855386726 0.06004770934118149
1 0.5705829803026987 0.7031839227402694 0.052292011862997964 0.05683180267345413
1 0.6282774165762649 0.7967799287475872 0.04872134288963732 0.04585794000636341
1 0.40656819573946856 0.9324157947167249 0.053536176882026255 0.04903748400699968
1 0.4168889304164294 0.8599140860518613 0.0654923488211363 0.07416475334181775
1 0.7124575321289532 0.16056171276254103 0.049612680836358794 0.06773294000636332
1 0.7186876274900484 0.21763841609640466 0.045469008897248565 0.042696577339272415
1 0.7561412065395213 0.19777135876826804 0.04116351087441501 0.052017033338636144
1 0.756647883915839 0.24853442743472262 0.0617943458553869 0.060065890674726855
1 0.7923333745242989 0.20443952943981328 0.055608012851581276 0.06155566534054513
1 0.8365117974519924 0.234627016112313 0.06243101581733086 0.07569089067472694
1 0.875762639847338 0.2780321181174037 0.04228034190105419 0.041097714672181596
1 0.8875477154367701 0.24146790945253996 0.06491934585538672 0.060102253341817756
1 0.8654127302655177 0.31148950811581283 0.05748884783255335 0.06938634667409058
1 0.9092569362735663 0.10350483278958525 0.05015650889724874 0.04275112133990877
1 0.8791675296574951 0.15078836545190363 0.05723417984777583 0.06313634667409058
1 0.8673386917107738 0.12878609611708552 0.06641817885919252 0.05855793467536321
1 0.8659380177944971 0.09441109611708551 0.0706600098858317 0.04767497867599957
2 0.35425900745155486 0.4343868273790433 0.031024506920082205 0.03315794533736351
2 0.36996492049341656 0.41739023138127057 0.04039950692008221 0.03326703333863605
2 0.41406243037924834 0.4647561273869975 0.02789950692008212 0.03312158267027261
2 0.4136658409496521 0.4358589680537703 0.026400673916276672 0.03466590133672724
2 0.8767175751695024 0.7614076921148584 0.06699118182494175 0.0726204346753633
2 0.7042151754735135 0.8398310420909958 0.03960101087441501 0.05199885200509087
2 0.7733882812147321 0.9468355674331317 0.05002917490485963 0.039626121339908595
2 0.7794499388193864 0.9039577241008591 0.05854201186299814 0.05690452800763594
2 0.7244295163859844 0.8759867180935412 0.037338173916276675 0.03479317067154497
2 0.6187989403022611 0.9091162967456782 0.060104511862998145 0.05692270934118149
2 0.612184184370762 0.880927662078269 0.0461693458553869 0.059884077339272326
2 0.6276208419754162 0.8381589067472689 0.0503475098858317 0.047438621339908595
2 0.6731097555115696 0.8238515060868596 0.04228034190105419 0.041097714672181596
2 0.8432485005686537 0.8024048621100859 0.05691584486680377 0.055323846674090404
2 0.31286461668999566 0.9516283240372256 0.04527800790866543 0.03800907733927232
2 0.32613127923756574 0.9322607060391345 0.03921900889724857 0.04262385200509087
2 0.4880901097699134 0.9208703147278609 0.03089717292769336 0.030032945337363514
2 0.5140941942565938 0.9266390567313607 0.027644838935304606 0.026871582670272433
2 0.5109227733060667 0.9062992847310426 0.030769838935304605 0.026907945337363515
2 0.5446438572984554 0.9098151834022694 0.03239600593149916 0.0284886266709087
2 0.5322566038384144 0.8932725734006788 0.024710839923887916 0.0315227200031817
2 0.49617718239359565 0.8702072433959064 0.03864600593149916 0.028561352005090867
2 0.46336734098683313 0.8315623667249973 0.03960101087441501 0.05199885200509087
2 0.5008673409868332 0.831998718730088 0.040399506920082116 0.03326703333863605
2 0.5267295040286948 0.8151203014003606 0.05621550790866543 0.0381363466740904
2 0.49785774612002937 0.7773021280633152 0.043970175893442945 0.044240896005727136
2 0.5245011591618911 0.7604328014003606 0.059595175893442945 0.04442270934118149
2 0.5221919012532257 0.7229237107335879 0.04916701186299814 0.056795440006363405
2 0.47324772387690806 0.6715970207272244 0.06941584486680377 0.055469297342454024
2 0.3894749017475173 0.723722047382225 0.05034750988583179 0.04743862133990877
2 0.38031080737500517 0.6712964813812705 0.07024351581733076 0.07578179734245402
2 0.41594455984646306 0.683424311386043 0.04591467787060921 0.0536340773392725
2 0.46755348079699016 0.70432770472627 0.060104511862997964 0.05692270934118149
2 0.4301144891999472 0.7437169213876338 0.052228344866803764 0.05526930267345413
2 0.4047934956257378 0.7738765887173613 0.05691584486680377 0.055323846674090585
2 0.3025969842570313 0.7188067333704529 0.04897601087441492 0.05210794000636341
2 0.30906716015047425 0.7626112773710891 0.03979201186299815 0.05668635200509069
2 0.28150057566379394 0.7568243540340439 0.046042011862998146 0.056759077339272504
2 0.1718483444468742 0.8445687073519992 0.04923067885919248 0.05835794000636341
2 0.15971310037837325 0.8725391660168629 0.03478617688202616 0.048819308004454595
2 0.16227702627181623 0.9162982566836355 0.06421900889724856 0.042914753341817755
2 0.17151010482699752 0.893760185351681 0.039091674904859805 0.039498852005090866
2 0.239126027754691 0.9242203920273624 0.05072951186299814 0.056813621339908596
2 0.2737875292375658 0.9316516313653622 0.0633568458553869 0.06008407200827222
2 0.30429077132890037 0.8945243487030439 0.04728617688202617 0.04896475867281822
2 0.27390559296399947 0.8387283346992259 0.055035009885831696 0.04749316534054486
2 0.24613342003630603 0.8087317520289531 0.061603344866803765 0.05537839067472703
2 0.07492699311709881 0.3631999813414996 0.07005251482874761 0.07109429734245412
2 0.3022083706071473 0.5751203680378619 0.05522601087441492 0.05218066534054522
2 0.34103079007479964 0.5888470607097253 0.04403384288963732 0.04580339600572714
2 0.3821505385919249 0.5822976160486796 0.05898768083635879 0.06784202800763595
2 0.4202461047898165 0.5015294213876339 0.046042011862998146 0.056759077339272504
2 0.3828296764249156 0.4456515913828614 0.045469008897248565 0.042696577339272325
2 0.4701599441822317 0.13587769672976982 0.026464340912470873 0.03622840133672715
2 0.592610536120467 0.5730333460773146 0.07279551285158128 0.06175566000954511
2 0.6054580460062986 0.6200356154121327 0.04897601087441501 0.05210794000636341
2 0.6334583706071473 0.5789748107494962 0.034595175893442943 0.044131808004454244
2 0.5530785094287213 0.4460708567393148 0.05159167490485963 0.03964430267345413
2 0.5447129111018765 0.37491347207190573 0.04371550790866543 0.03799089600572696
2 0.5587780696951138 0.3368140354073602 0.045469008897248565 0.0426965773392725
2 0.5802246467674204 0.30739016474376923 0.04734984387822046 0.05052725867281786
2 0.5980833088206989 0.2857333407463145 0.030960839923887918 0.03159544533736343
2 0.6020558844101307 0.2490782254137236 0.026400673916276672 0.03466590133672707
2 0.5690669708739774 0.2635310767424965 0.03539367193911023 0.025399989337999786
2 0.5116709649424783 0.2347515487348605 0.04872134288963732 0.04585794000636332
2 0.5477676324329643 0.23907596940640574 0.03721083992388792 0.03166817067154524
2 0.585826047946284 0.2340526620782691 0.035775673916276673 0.03477498933799979
2 0.5652442925090766 0.20804414540895108 0.05002917490485963 0.03962612133990877
2 0.5318123685927999 0.17329642807126944 0.0456600098858317 0.04738407733927241
2 0.5296304446765232 0.13891233740449674 0.03721083992388792 0.03166817067154524
2 0.5712330128515812 0.06755550541054191 0.03115184091247105 0.03628294533736345
2 0.5795256739162766 0.04110209341181457 0.04046317391627667 0.03482953333863612
2 0.4822859179847775 0.011858941398769716 0.030196835969555025 0.01284544533736345
2 0.5139006739162767 0.040338477402905894 0.026273339923887917 0.031540901336727115
2 0.5103910133458729 0.06919018340226955 0.03603034190105418 0.041024989337999786
2 0.5411316773763177 0.05705381007317846 0.04059050790866543 0.03795453333863612
2 0.5578589209505271 0.026794145408951066 0.037592841901054184 0.04104317067154524
2 0.3654909847141418 0.32675614071449777 0.06829901384016442 0.06638861600890866
2 0.358224971368269 0.2634203467138615 0.040654174904859806 0.03951703333863614
2 0.4303878369581383 0.02218736672499732 0.038900673916276676 0.034811352005090675
2 0.4412590113687065 0.059015204726269976 0.06504667984777565 0.06322725334181781
2 0.41564885771838495 0.12040669072245198 0.03953734387822063 0.05043635200509069
2 0.3976973537640523 0.10145669605345209 0.04109984387822054 0.0504545333386361
2 0.36587435079830277 0.0870305693825432 0.042407675893442943 0.04422271467218155
2 0.3640744288591925 0.06202147871577046 0.04734984387822054 0.05052725867281791
2 0.36980050543720744 0.030072044716724967 0.036094008897248564 0.04258748933799979
2 0.32702275642579065 0.034259558044225244 0.05717051285158128 0.06157384667409057
2 0.20760813642447803 0.6489840346912716 0.06373884783255317 0.06945907200827221
2 0.09551270163378656 0.5617829320098633 0.028090507908665387 0.03780908267027243
2 0.1553970376033417 0.5749738226845901 0.062240014828747636 0.07100339067472686
2 0.12228344866803702 0.5480386053469084 0.0443521778706093 0.05361589600572696
2 0.06432105144350611 0.6395079426718635 0.061348676882026144 0.04912839067472703
2 0.0887188735728968 0.5866920253421359 0.04859400889724856 0.04273294000636341
2 0.13501562304142417 0.18976302868395376 0.06485567885919248 0.0585397533418178
2 0.16636378212895317 0.15420733668840808 0.06303851087441492 0.05227157200827235
2 0.15833110623551022 0.11038461135422632 0.061348676882026124 0.04912839067472689
2 0.10251484634967847 0.06288235534690848 0.0460420118629981 0.056759077339272455
2 0.10863485376405227 0.0980931493475448 0.07305018083635884 0.06800566000954503
2 0.5007440296946764 0.5415100787316789 0.05672484387822045 0.05063634667409058
2 0.5263687707974277 0.49964075206872416 0.05066584486680377 0.05525112133990877
2 0.5480501112156071 0.5334708594048149 0.03934634288963732 0.04574885200509051
2 0.56753494026508 0.5133947167409056 0.036412343878220454 0.05039998933799979
2 0.5538305845238615 0.407035628739633 0.043970175893442945 0.04424089600572696
2 0.591046741634224 0.3621776620782692 0.044797846843970035 0.06455339600572696
2 0.6503753206836971 0.3425651434197688 0.0654286818249421 0.07260225334181776
2 0.6816054160447923 0.39993274809035945 0.05997717787060921 0.053797709341181485
2 0.61022250596868 0.4303373160804963 0.05691584486680377 0.055323846674090585
2 0.609100357755566 0.51778277207986 0.055608012851581276 0.06155566534054522
2 0.6165971813678315 0.47179811008113265 0.06204901384016441 0.06631589067472685
2 0.6643781067669828 0.5137407094207231 0.061348676882026075 0.04912839067472703
2 0.7491550133830539 0.46709352343249544 0.045405341901054184 0.041134077339272324
2 0.7357809214819998 0.4263321634309046 0.0763661818249421 0.07272952267663584
2 0.7362822816718426 0.5536213694302683 0.04202567391627667 0.0348477146721816
2 0.7368261097327323 0.5286395507638136 0.06616351087441501 0.0523079346753633
2 0.7803360292003847 0.5424207874363135 0.051047846843970034 0.06462612133990878
2 0.757841605284108 0.5078003394334499 0.053217841901054184 0.04122498400699968
2 0.7868460143716371 0.47221737543758613 0.05509867688202626 0.049055665340545215
2 0.7469983112921568 0.29917931743313175 0.063038510874415 0.05227157200827239
2 0.7104413873758803 0.26439523742835924 0.045469008897248565 0.042696577339272415
2 0.6687685405319101 0.19987820408972318 0.06928851087441501 0.05234429734245412
2 0.7448270217488299 0.11174295210054083 0.0617943458553869 0.060065890674726896
2 0.7734905326232447 0.1636145347708134 0.07467634783255317 0.06958634134309047
2 0.786742607718385 0.12472475743949511 0.07260451186299814 0.057068160009545024
2 0.8207475346004112 0.17353497477717675 0.0683626808363588 0.06795111600890866
2 0.9634443009492145 0.6476275501272669 0.045405341901054184 0.041134077339272324
2 0.9784445598464633 0.6899695914624031 0.038837006920082476 0.033248852005090514
2 0.9496192228883249 0.6724548274585851 0.045278007908665076 0.0380090773392725
2 0.8225646329644369 0.6397412301081769 0.06829901384016424 0.06638861600890866
2 0.7903662396942387 0.7502514687698589 0.06616351087441501 0.0523079346753633
2 0.9006166260815359 0.9978322567234065 0.04901050296574923 0.0043354865531870955
2 0.8582116087813303 0.9204917907781311 0.06603617688202626 0.0491829346753633
2 0.8349067599601938 0.8468179334420405 0.054716674904859985 0.03968066534054486
2 0.8348364812912819 0.7109440681094495 0.06530134783255334 0.06947725334181776
2 0.9617411739906387 0.8357997121259941 0.03822951186299832 0.05666817067154532
2 0.9780864155876816 0.7961650474617669 0.017089340912470875 0.03611931333545435
2 0.978823903230392 0.7376076601288577 0.0362213428896375 0.04571248933799978
2 0.9791396492388783 0.6603639074633577 0.04172070152224343 0.04901930267345413
2 0.8794592787060932 0.5412315521164491 0.0504111768820259 0.04900112133990877
2 0.894986119618564 0.5773326841183583 0.05359984387822081 0.05059998400699968
2 0.9747518740671884 0.5993445914624032 0.042407675893442943 0.0442227146721816
2 0.954838622090022 0.5897423247930851 0.0488486768820259 0.048982940006363405
2 0.9595924476794538 0.5530963001272668 0.04684050790866543 0.038027258672817865
2 0.9211692762346353 0.5300036981221762 0.04052684091247087 0.036392033338636054
2 0.9600898547898165 0.507811072127585 0.02815417490485963 0.03937158267027261
2 0.9826592621287343 0.5378076547978576 0.03468147574253137 0.033321577339272324
2 0.9907363824329642 0.5012616274665394 0.018527235134071417 0.04887385200509069
2 0.9939422954748259 0.4614633308004029 0.012115409050348091 0.03784544533736352
2 0.9642388439154015 0.45632129746176686 0.043715507908665074 0.03799089600572714
2 0.9107000084401381 0.4455468821212216 0.06641817885919252 0.0585579346753633
2 0.949958826615196 0.3741627781269487 0.058669345855386724 0.060029528007636036
2 0.9841879520908972 0.37542583346590297 0.03162409581820569 0.056759077339272414
2 0.985142957033813 0.41605992413267573 0.02971408593237399 0.044277258672817864
2 0.9803825197716634 0.23167583346590298 0.039234960456673205 0.06617044000636332
2 0.9895837648287475 0.18179401213394838 0.020832470342504905 0.05968408267027252