0 0.9171875 0.0234375 0.03046875 0.03359375
0 0.878125 0.02109375 0.03828125 0.0421875
0 0.728125 0.36328125 0.046875 0.0390625
0 0.81171875 0.38046875 0.0609375 0.04921875
0 0.96484375 0.24453125 0.05234375 0.0484375
0 0.86171875 0.23515625 0.0421875 0.053125
0 0.9015625 0.4859375 0.05 0.05234375
0 0.8234375 0.84765625 0.065625 0.06875
0 0.42890625 0.7515625 0.0734375 0.04375
0 0.509375 0.725 0.05 0.0484375
0 0.45078125 0.85859375 0.06875 0.0484375
0 0.53359375 0.9375 0.059375 0.04765625
0 0.51796875 0.9796875 0.0453125 0.040625
0 0.07734375 0.2875 0.059375 0.04453125
0 0.075 0.33359375 0.05625 0.04375
0 0.290625 0.2671875 0.059375 0.04921875
0 0.375 0.2609375 0.0375 0.04921875
0 0.03671875 0.04921875 0.04453125 0.0453125
1 0.4375 0.60078125 0.02734375 0.01953125
1 0.459375 0.609375 0.0203125 0.028125
1 0.41875 0.61875 0.02734375 0.02421875
1 0.071875 0.98984375 0.046875 0.0203125
1 0.02109375 0.9765625 0.0421875 0.04609375
1 0.11640625 0.94296875 0.0421875 0.02734375
1 0.12734375 0.97265625 0.034375 0.03828125
1 0.084375 0.96640625 0.0484375 0.05546875
1 0.85390625 0.40234375 0.02578125 0.021875
1 0.84921875 0.42578125 0.034375 0.02578125
1 0.9375 0.44765625 0.02109375 0.0265625
1 0.91328125 0.403125 0.021875 0.02109375
1 0.94375 0.39296875 0.01875 0.02265625
1 0.921875 0.39140625 0.021875 0.01796875
1 0.90625 0.25390625 0.03125 0.0234375
1 0.94140625 0.21484375 0.02890625 0.02109375
1 0.90234375 0.203125 0.01796875 0.01953125
1 0.84375 0.28046875 0.0390625 0.03359375
1 0.94609375 0.309375 0.03671875 0.025
1 0.98046875 0.3265625 0.0390625 0.040625
1 0.98671875 0.28828125 0.02578125 0.0296875
1 0.990625 0.253125 0.01796875 0.04375
1 0.965625 0.2859375 0.0328125 0.0375
1 0.92890625 0.284375 0.0453125 0.04375
1 0.990625 0.16484375 0.01875 0.0421875
1 0.9375 0.1875 0.0234375 0.02890625
1 0.92890625 0.16953125 0.03203125 0.015625
1 0.89453125 0.15859375 0.04375 0.0265625
1 0.990625 0.11171875 0.01875 0.03203125
1 0.9359375 0.0109375 0.028125 0.021875
1 0.9421875 0.0390625 0.01875 0.03046875
1 0.8734375 0.071875 0.03515625 0.03671875
1 0.84765625 0.05625 0.04140625 0.03125
1 0.8203125 0.0890625 0.025 0.0359375
1 0.80859375 0.15546875 0.03984375 0.03515625
1 0.73515625 0.3 0.03828125 0.0390625
1 0.71875 0.33359375 0.04140625 0.02734375
1 0.7390625 0.22109375 0.040625 0.0640625
1 0.709375 0.61875 0.02734375 0.0265625
1 0.70078125 0.6515625 0.02890625 0.02265625
1 0.83046875 0.62421875 0.0203125 0.021875
1 0.7515625 0.60859375 0.0171875 0.01640625
1 0.7703125 0.60078125 0.021875 0.0203125
1 0.790625 0.6078125 0.01484375 0.015625
1 0.78203125 0.61796875 0.021875 0.021875
1 0.76796875 0.62265625 0.02109375 0.0234375
1 0.74765625 0.634375 0.02265625 0.0203125
1 0.7296875 0.64453125 0.01875 0.025
1 0.73203125 0.61796875 0.0234375 0.02265625
1 0.93515625 0.475 0.0375 0.0375
1 0.80703125 0.809375 0.05703125 0.025
1 0.79921875 0.79453125 0.0546875 0.03515625
1 0.8765625 0.88515625 0.0625 0.06015625
1 0.896875 0.93046875 0.06484375 0.065625
1 0.96328125 0.94921875 0.07265625 0.0625
1 0.97265625 0.8984375 0.0546875 0.065625
1 0.92421875 0.86171875 0.05546875 0.07265625
1 0.8921875 0.79375 0.0703125 0.0703125
1 0.6015625 0.63828125 0.0484375 0.04453125
1 0.6015625 0.684375 0.0609375 0.07109375
2 0.56328125 0.615625 0.05234375 0.04609375
1 0.33984375 0.72734375 0.04296875 0.03359375
1 0.45625 0.7078125 0.04609375 0.04921875
1 0.5015625 0.678125 0.05078125 0.03828125
1 0.478125 0.97265625 0.04375 0.0546875
1 0.4203125 0.98515625 0.065625 0.02890625
1 0.371875 0.96953125 0.059375 0.05546875
1 0.42734375 0.94375 0.05625 0.05390625
1 0.37265625 0.91484375 0.05625 0.040625
1 0.42890625 0.89296875 0.0671875 0.0515625
1 0.56484375 0.8765625 0.046875 0.0578125
1 0.6046875 0.74140625 0.05078125 0.04453125
1 0.55234375 0.71953125 0.06328125 0.03828125
1 0.55078125 0.67109375 0.04765625 0.05078125
1 0.5421875 0.753125 0.05234375 0.0375
1 0.5640625 0.8171875 0.06328125 0.053125
1 0.515625 0.83359375 0.0484375 0.0609375
1 0.484375 0.7765625 0.06484375 0.0546875
1 0.42109375 0.80703125 0.06796875 0.06484375
1 0.02734375 0.66484375 0.03203125 0.0203125
1 0.02109375 0.684375 0.0421875 0.03828125
1 0.10078125 0.675 0.0328125 0.03828125
1 0.096875 0.628125 0.04453125 0.02890625
1 0.14453125 0.5984375 0.05 0.03125
1 0.01953125 0.578125 0.0375 0.028125
1 0.11640625 0.48359375 0.02734375 0.0203125
1 0.1578125 0.49375 0.0390625 0.02890625
1 0.3203125 0.48359375 0.03203125 0.0296875
1 0.346875 0.50234375 0.04453125 0.0359375
1 0.33671875 0.296875 0.04609375 0.04765625
1 0.01796875 0.20625 0.0359375 0.0375
1 0.02890625 0.22421875 0.04609375 0.0328125
1 0.0265625 0.26015625 0.05 0.05546875
1 0.08125 0.37421875 0.05625 0.040625
1 0.02734375 0.3546875 0.046875 0.04609375
1 0.56171875 0.32890625 0.0421875 0.0359375
1 0.571875 0.2796875 0.0453125 0.04609375
1 0.4609375 0.2234375 0.04765625 0.0375
1 0.40078125 0.228125 0.04375 0.0453125
1 0.340625 0.24453125 0.046875 0.04453125
1 0.7 0.41015625 0.04453125 0.03828125
1 0.7734375 0.34375 0.0359375 0.0375
1 0.9421875 0.521875 0.03671875 0.03984375
1 0.8734375 0.52421875 0.059375 0.04609375
1 0.17578125 0.365625 0.05625 0.03203125
1 0.2265625 0.3515625 0.03125 0.03515625
1 0.20078125 0.32109375 0.04375 0.02734375
1 0.24765625 0.3125 0.046875 0.046875
1 0.2 0.2875 0.04921875 0.04140625
1 0.21796875 0.2421875 0.0625 0.04375
1 0.24921875 0.20078125 0.03203125 0.03203125
1 0.2140625 0.1953125 0.04609375 0.0484375
1 0.2828125 0.2046875 0.05625 0.040625
1 0.19765625 0.02265625 0.0296875 0.03359375
1 0.05 0.1796875 0.03359375 0.02265625
1 0.0765625 0.1984375 0.046875 0.03828125
1 0.1328125 0.2171875 0.05078125 0.04140625
1 0.11484375 0.23203125 0.04296875 0.05234375
1 0.0640625 0.2390625 0.071875 0.05625
2 0.4984375 0.646875 0.0265625 0.0234375
2 0.4796875 0.6359375 0.025 0.0328125
2 0.51328125 0.5890625 0.025 0.02109375
2 0.48828125 0.59296875 0.0296875 0.0171875
2 0.690625 0.12421875 0.05703125 0.04765625
2 0.796875 0.26796875 0.04375 0.025
2 0.88125 0.1890625 0.0296875 0.0390625
2 0.840625 0.190625 0.0421875 0.04375
2 0.82578125 0.24375 0.0265625 0.028125
2 0.87734375 0.334375 0.0421875 0.04453125
2 0.853125 0.3453125 0.0484375 0.03046875
2 0.81171875 0.3375 0.0359375 0.0375
2 0.7890625 0.2984375 0.03125 0.03125
2 0.734375 0.1484375 0.04140625 0.04296875
2 0.9875 0.20390625 0.025 0.0390625
2 0.9671875 0.18515625 0.0375 0.046875
2 0.9828125 0.6046875 0.03359375 0.03671875
2 0.9578125 0.5953125 0.0328125 0.028125
2 0.91484375 0.45078125 0.02265625 0.0234375
2 0.91484375 0.42578125 0.01953125 0.0203125
2 0.89765625 0.4328125 0.01953125 0.02265625
2 0.89375 0.4015625 0.02109375 0.02421875
2 0.88125 0.41484375 0.0265625 0.01796875
2 0.8671875 0.4515625 0.02109375 0.03125
2 0.83828125 0.48671875 0.04296875 0.02578125
2 0.83125 0.45234375 0.025 0.03125
2 0.8109375 0.4328125 0.02578125 0.046875
2 0.78203125 0.4640625 0.034375 0.03125
2 0.76171875 0.4421875 0.03046875 0.04765625
2 0.72734375 0.45 0.04609375 0.034375
2 0.690625 0.50234375 0.03984375 0.0546875
2 0.7546875 0.5703125 0.0359375 0.0375
2 0.70859375 0.5859375 0.059375 0.05
2 0.71328125 0.55234375 0.0421875 0.03125
2 0.721875 0.50234375 0.04296875 0.0453125
2 0.765625 0.53046875 0.04375 0.03828125
2 0.79765625 0.5484375 0.04296875 0.04140625
2 0.76796875 0.64921875 0.04140625 0.0359375
2 0.80703125 0.63671875 0.0484375 0.025
2 0.8078125 0.66328125 0.0453125 0.03125
2 0.91015625 0.7484375 0.04765625 0.034375
2 0.9375 0.7546875 0.03984375 0.02421875
2 0.98125 0.7453125 0.0375 0.053125
2 0.9546875 0.73984375 0.03046875 0.02890625
2 0.971875 0.67578125 0.04921875 0.0359375
2 0.96796875 0.6421875 0.0453125 0.04765625
2 0.928125 0.6203125 0.0390625 0.03515625
2 0.88359375 0.65703125 0.03515625 0.0421875
2 0.86171875 0.6859375 0.04140625 0.04765625
2 0.48984375 0.91015625 0.05390625 0.05234375
2 0.6375 0.671875 0.03984375 0.04140625
2 0.64140625 0.63515625 0.0359375 0.03125
2 0.62734375 0.59921875 0.05546875 0.04140625
2 0.54609375 0.57734375 0.04609375 0.03125
2 0.50234375 0.61953125 0.0328125 0.034375
2 0.20234375 0.5890625 0.03046875 0.01796875
2 0.5765625 0.41015625 0.046875 0.05625
2 0.61640625 0.39140625 0.03984375 0.0359375
2 0.57421875 0.37265625 0.03671875 0.02421875
2 0.46875 0.465625 0.02890625 0.040625
2 0.40546875 0.48515625 0.0296875 0.03359375
2 0.36796875 0.47734375 0.03359375 0.03515625
2 0.3359375 0.46328125 0.040625 0.034375
2 0.3125 0.45 0.025 0.02265625
2 0.27890625 0.45234375 0.02890625 0.0171875
2 0.2984375 0.4796875 0.0171875 0.02890625
2 0.28359375 0.5359375 0.034375 0.0375
2 0.28046875 0.50234375 0.02421875 0.0296875
2 0.26796875 0.46953125 0.02734375 0.0265625
2 0.2484375 0.49140625 0.028125 0.0390625
2 0.22421875 0.52734375 0.03671875 0.0328125
2 0.19296875 0.534375 0.02265625 0.02890625
2 0.11875 0.50859375 0.028125 0.021875
2 0.09296875 0.5046875 0.025 0.03203125
2 0.03828125 0.490625 0.01875 0.01328125
2 0.04296875 0.50546875 0.02109375 0.02578125
2 0.01328125 0.52265625 0.0265625 0.0203125
2 0.04765625 0.52578125 0.025 0.01640625
2 0.04296875 0.55703125 0.02734375 0.03359375
2 0.0484375 0.60703125 0.0296875 0.0265625
2 0.07734375 0.59765625 0.028125 0.0234375
2 0.10625 0.5640625 0.0265625 0.01875
2 0.1328125 0.5625 0.03359375 0.02578125
2 0.115625 0.53671875 0.028125 0.0296875
2 0.0828125 0.5265625 0.03984375 0.0265625
2 0.39765625 0.65390625 0.05 0.05234375
2 0.340625 0.6703125 0.03046875 0.03046875
2 0.0625 0.65625 0.05078125 0.02734375
2 0.09921875 0.64453125 0.04296875 0.02734375
2 0.13828125 0.6265625 0.05 0.04921875
2 0.19921875 0.640625 0.0421875 0.02578125
2 0.18515625 0.659375 0.040625 0.028125
2 0.178125 0.690625 0.03515625 0.03046875
2 0.15625 0.69609375 0.03984375 0.034375
2 0.12578125 0.69609375 0.0359375 0.02421875
2 0.1359375 0.73359375 0.05234375 0.040625
2 0.071875 0.753125 0.0375 0.034375
2 0.034375 0.76640625 0.04140625 0.0328125
2 0.08515625 0.7203125 0.03984375 0.040625
2 0.04375 0.7265625 0.028125 0.03828125
2 0.0140625 0.72109375 0.028125 0.0359375
2 0.06484375 0.6828125 0.04375 0.040625
2 0.72421875 0.74609375 0.05546875 0.046875
2 0.6671875 0.8609375 0.03125 0.01875
2 0.6671875 0.8046875 0.0578125 0.04453125
2 0.64921875 0.83828125 0.04296875 0.03046875
2 0.728125 0.9734375 0.04609375 0.04453125
2 0.74453125 0.8765625 0.034375 0.0484375
2 0.690625 0.86328125 0.03125 0.03671875
2 0.31953125 0.88359375 0.0421875 0.05078125
2 0.28046875 0.86015625 0.0390625 0.04921875
2 0.2421875 0.87421875 0.03515625 0.04921875
2 0.2109375 0.93359375 0.04453125 0.03359375
2 0.240625 0.92109375 0.0515625 0.0546875
2 0.1 0.85546875 0.07890625 0.0421875
2 0.56640625 0.4984375 0.0375 0.04296875
2 0.5234375 0.48125 0.04296875 0.0359375
2 0.54921875 0.45625 0.03671875 0.028125
2 0.5265625 0.44140625 0.04140625 0.0234375
2 0.4328125 0.47109375 0.03359375 0.03203125
2 0.384375 0.44453125 0.0546875 0.0296875
2 0.35390625 0.39375 0.05703125 0.046875
2 0.4 0.35625 0.040625 0.0453125
2 0.4421875 0.41640625 0.04375 0.0421875
2 0.52265625 0.40390625 0.0484375 0.040625
2 0.47890625 0.40390625 0.05234375 0.04453125
2 0.5078125 0.3546875 0.034375 0.04921875
2 0.4484375 0.284375 0.03046875 0.03515625
2 0.41328125 0.30390625 0.05625 0.05703125
2 0.5296875 0.28359375 0.025 0.03359375
2 0.50625 0.28671875 0.03671875 0.05234375
2 0.51015625 0.2453125 0.05390625 0.0359375
2 0.48359375 0.27109375 0.0296875 0.0421875
2 0.4453125 0.25078125 0.03671875 0.0421875
2 0.29453125 0.31328125 0.03671875 0.0484375
2 0.27109375 0.3515625 0.03046875 0.03515625
2 0.22109375 0.39921875 0.03671875 0.05625
2 0.12421875 0.34453125 0.04609375 0.04609375
2 0.165625 0.31015625 0.053125 0.05625
2 0.128125 0.3046875 0.04140625 0.05859375
2 0.165625 0.26640625 0.053125 0.05
2 0.56875 0.0640625 0.03046875 0.034375
2 0.6046875 0.04375 0.02421875 0.03046875
2 0.59453125 0.07265625 0.02734375 0.0359375
2 0.590625 0.1921875 0.05234375 0.05
2 0.69765625 0.20390625 0.0375 0.0515625
2 0.98359375 0.0125 0.03203125 0.02421875
2 0.971875 0.040625 0.0375 0.0390625
2 0.91953125 0.0625 0.03125 0.0390625
2 0.83984375 0.11640625 0.034375 0.053125
2 0.77734375 0.14921875 0.02734375 0.0453125
2 0.653125 0.1703125 0.05546875 0.04765625
2 0.74296875 0.02734375 0.046875 0.04296875
2 0.703125 0.0171875 0.0328125 0.0328125
2 0.6515625 0.0078125 0.03125 0.015625
2 0.65 0.03125 0.0375 0.03671875
2 0.61171875 0.0171875 0.03671875 0.025
2 0.57734375 0.0375 0.0375 0.0515625
2 0.4890625 0.15625 0.0375 0.03671875
2 0.51875 0.13671875 0.0390625 0.0390625
2 0.5234375 0.0609375 0.03515625 0.03046875
2 0.51796875 0.08046875 0.03671875 0.0359375
2 0.4828125 0.08203125 0.02734375 0.03828125
2 0.4703125 0.1203125 0.02734375 0.03125
2 0.4421875 0.0890625 0.03359375 0.01875
2 0.4640625 0.059375 0.02421875 0.0359375
2 0.446875 0.03125 0.03828125 0.01640625
2 0.409375 0.0265625 0.03984375 0.01484375
2 0.428125 0.04765625 0.0375 0.0359375
2 0.38984375 0.0515625 0.028125 0.03046875
2 0.39453125 0.09296875 0.02734375 0.03515625
2 0.3953125 0.14296875 0.04375 0.0515625
2 0.32265625 0.11875 0.04609375 0.04375
2 0.31484375 0.08046875 0.0453125 0.03125
2 0.3515625 0.07109375 0.03359375 0.0390625
2 0.33203125 0.02578125 0.04375 0.04453125
2 0.303125 0.02109375 0.01796875 0.02421875
2 0.3 0.053125 0.03046875 0.03203125
2 0.27265625 0.00859375 0.0328125 0.0171875
2 0.2578125 0.03203125 0.04375 0.04296875
2 0.221875 0.0171875 0.0265625 0.028125
2 0.21875 0.06171875 0.04140625 0.04375
2 0.16796875 0.0140625 0.0328125 0.02578125
2 0.17734375 0.05703125 0.0453125 0.040625
2 0.18359375 0.10234375 0.0515625 0.046875
2 0.134375 0.09296875 0.0453125 0.05
2 0.10703125 0.053125 0.03828125 0.0390625
2 0.13515625 0.03359375 0.059375 0.0390625
2 0.1 0.01640625 0.03828125 0.0328125
2 0.0421875 0.08828125 0.03984375 0.05390625
2 0.021875 0.01796875 0.04296875 0.03046875